#1	
Mathi
98.54%	132,214	13,933	31	854	710
#2	
Rafis
98.99%	242,628	13,840	190	1,919	1,071
#3	
Cookiezi
98.85%	22,102	13,815	89	647	488
#4	
firebat92
98.96%	138,873	13,731	178	1,502	818
#5	
filsdelama
99.05%	139,021	13,641	228	1,680	692
#6	
Vaxei
98.57%	124,486	13,339	53	804	873
#7	
Abyssal
99.00%	102,815	13,186	52	682	890
#8	
Karthy
98.86%	111,342	13,074	668	3,038	2,133
#9	
idke
99.18%	49,159	13,030	19	581	534
#10	
Azerite
99.07%	72,533	13,017	28	496	1,184
#11	
_RyuK
98.17%	121,466	12,754	56	1,348	757
#12	
Dustice
98.94%	94,315	12,525	124	2,534	1,577
#13	
Freddie Benson
97.82%	50,718	12,477	11	424	729
#14	
Alumetri
97.92%	51,477	12,366	8	242	265
#15	
FlyingTuna
97.42%	56,952	12,361	28	436	399
#16	
fieryrage
97.49%	80,858	12,230	98	1,298	909
#17	
uyghti
99.04%	163,219	12,164	114	1,107	1,229
#18	
Spare
99.20%	109,495	12,133	623	2,109	1,517
#19	
Emilia
96.41%	95,454	12,024	44	1,392	1,219
#20	
Toy
99.43%	224,462	12,007	5,977	3,661	878
#21	
lain
98.16%	167,644	12,006	449	1,948	690
#22	
Yaong
99.45%	109,264	12,004	981	2,792	424
#23	
Black W0lf
99.26%	257,728	11,942	9,502	9,994	2,038
#24	
ThePooN
98.96%	80,641	11,840	64	1,062	811
#25	
Rohulk
99.44%	51,964	11,807	89	2,392	2,359
#26	
Dumii
97.99%	135,406	11,783	126	1,548	1,942
#27	
-Hebel-
98.45%	118,764	11,776	137	1,481	607
#28	
reshi
99.21%	43,494	11,739	58	1,221	750
#29	
jot_bab
98.61%	83,734	11,725	13	196	128
#30	
Bubbleman
98.72%	89,750	11,697	110	985	1,405
#31	
Piggey
99.04%	140,169	11,672	140	2,055	1,072
#32	
bro_gamer72
99.20%	88,932	11,668	31	697	826
#33	
Kip
99.34%	133,898	11,634	806	2,098	1,433
#34	
mcy4
96.95%	153,753	11,629	17	669	895
#35	
_index
98.58%	72,158	11,561	428	1,683	685
#36	
Wakson
99.51%	103,288	11,529	163	779	989
#37	
MoeYandere
98.54%	132,226	11,489	27	1,598	938
#38	
Wilchq
99.37%	98,877	11,485	2,956	4,538	376
#39	
Monko2k
99.15%	76,585	11,463	100	1,863	1,908
#40	
- Nikliu -
98.59%	90,672	11,432	54	1,050	871
#41	
wuhua
97.25%	198,345	11,415	285	1,430	1,189
#42	
DanyL
97.54%	88,206	11,381	85	942	346
#43	
smh
98.91%	42,612	11,372	62	533	587
#44	
Koba
99.43%	220,884	11,324	467	1,823	1,211
#45	
MrBooM
99.19%	64,114	11,305	31	1,055	770
#46	
HappyStick
98.49%	209,458	11,300	159	2,921	757
#47	
badeu
97.65%	55,547	11,257	79	1,102	845
#48	
Flaven
99.06%	134,707	11,252	156	1,118	1,202
#49	
Xilver
99.02%	272,263	11,246	269	2,242	1,497
#50	
Mlaw
99.26%	97,562	11,238	223	3,027	1,436
#51	
Flaven
99.06%	135,508	11,252	156	1,122	1,220
#52	
a_Blue
95.07%	91,584	11,230	9	357	321
#53	
Neliel
98.76%	138,675	11,198	34	1,709	872
#54	
Musty
99.19%	117,708	11,197	127	1,877	1,505
#55	
Adamqs
99.11%	172,999	11,181	370	2,544	1,232
#56	
Afrodafro
98.52%	125,214	11,176	66	746	1,030
#57	
ItsKevZii
98.74%	142,128	11,160	60	1,395	1,351
#58	
Arnold24x24
98.81%	116,695	11,146	338	1,055	767
#59	
BeasttrollMC
98.89%	78,910	11,142	52	1,161	825
#60	
4RTRAID
97.73%	99,939	11,093	202	1,685	1,175
#61	
talala
98.62%	204,488	11,084	138	2,522	1,731
#62	
Astar
97.38%	155,683	11,078	100	1,872	1,470
#63	
Usagi sama
99.45%	81,715	11,066	169	1,147	653
#64	
SoraRoxas01
98.88%	75,548	11,040	248	3,659	1,562
#65	
Viveliam
99.28%	170,092	11,024	50	1,773	1,633
#66	
Apraxia
98.98%	106,855	10,993	132	1,201	1,914
#67	
Risiing
99.08%	109,679	10,948	214	1,260	652
#68	
Mystia
98.95%	141,252	10,941	198	776	801
#69	
ffury
99.14%	74,777	10,935	389	1,325	644
#70	
Red_Pixel
98.68%	100,027	10,912	47	865	1,001
#71	
Skydiver
98.19%	87,635	10,898	33	593	824
#72	
Mizuru
99.08%	91,736	10,888	91	956	1,166
#73	
dokidokilolixx
93.76%	70,085	10,860	16	423	542
#74	
Rizer
99.42%	98,951	10,860	1,883	4,781	915
#75	
ikaNyai
95.68%	58,050	10,820	329	397	683
#76	
imagaK
98.90%	126,004	10,809	279	2,765	1,209
#77	
Zeisen-
98.28%	66,828	10,804	16	667	1,087
#78	
kazamabc
98.81%	132,101	10,779	65	1,097	965
#79	
Resia
93.20%	80,604	10,776	47	1,505	814
#80	
Alien
99.00%	122,104	10,774	58	944	1,236
#81	
fedoragoose
98.77%	150,511	10,763	62	1,522	871
#82	
Yakisoba_Pan
99.21%	158,171	10,757	461	1,673	1,182
#83	
Skill
99.32%	89,181	10,713	283	1,580	1,124
#84	
ChitogeOP
98.16%	132,771	10,712	67	1,038	973
#85	
Moffo
96.84%	238,789	10,711	215	1,635	956
#86	
Reyuza
98.77%	69,081	10,696	68	952	1,098
#87	
CXu
98.82%	116,793	10,693	871	3,624	219
#88	
Sanze
99.20%	161,847	10,684	110	1,378	1,104
#89	
Zain Sugieres
98.14%	79,396	10,680	33	554	935
#90	
Blobby3000
98.75%	76,431	10,678	56	803	1,255
#91	
MouseEasy
98.57%	120,947	10,678	265	1,543	1,260
#92	
1E308
99.31%	14,911	10,667	131	861	783
#93	
Micca
98.40%	68,441	10,658	53	490	476
#94	
Andrej
98.32%	100,154	10,657	14	737	753
#95	
okinamo
99.04%	63,586	10,636	33	643	1,212
#96	
Azer
99.00%	91,153	10,636	241	1,298	844
#97	
obtio
98.39%	122,284	10,635	53	870	919
#98	
Informous
98.23%	72,338	10,622	58	820	1,345
#99	
Zmatureeno
98.61%	110,371	10,619	42	677	654
#100	
AnOkata
99.07%	20,842	10,613	46	491	724
#101	
WakaiYuki
98.24%	77,702	10,331	138	791	846
#102	
Telomere
98.01%	55,463	10,321	28	662	600
#103	
Toushi
98.96%	92,276	10,310	59	989	1,017
#104	
ikaNyai
95.82%	50,050	10,306	329	369	603
#105	
Viveliam
99.11%	157,524	10,299	44	1,591	1,537
#106	
AnOkata
98.97%	19,109	10,289	37	452	675
#107	
Cloz1k
98.58%	172,163	10,279	15	350	907
#108	
Tarulas
98.85%	81,382	10,276	50	1,072	530
#109	
ffury
99.22%	71,251	10,273	386	1,265	577
#110	
Auji
98.00%	115,755	10,270	19	1,084	1,232
#111	
FGSky
95.86%	159,791	10,262	37	454	590
#112	
Axarious
97.29%	64,882	10,262	35	855	491
#113	
LanJay
97.61%	131,743	10,252	94	973	1,204
#114	
Zain Sugieres
98.14%	74,915	10,250	33	539	898
#115	
chankoma
98.16%	140,256	10,239	306	1,300	536
#116	
BeasttrollMC
98.84%	74,921	10,225	49	1,077	739
#117	
Vamhi
97.85%	83,668	10,225	20	304	359
#118	
Mystia
98.82%	136,616	10,221	193	729	721
#119	
Zavarka
98.43%	164,597	10,218	1,429	1,744	1,035
#120	
Rizer
99.35%	93,804	10,208	1,751	4,434	809
#121	
Ceptin
98.26%	81,667	10,203	47	604	860
#122	
MiruHong
99.23%	137,391	10,197	379	891	594
#123	
zeluaR
99.37%	148,660	10,196	481	2,474	99
#124	
Reimu-Desu
99.38%	111,964	10,191	279	1,775	618
#125	
-NeBu-
98.93%	81,887	10,187	534	1,870	497
#126	
Vettel
98.96%	225,228	10,187	344	2,172	1,186
#127	
Andrej
98.13%	87,419	10,186	10	661	618
#128	
ReaL motion
99.25%	149,568	10,172	182	2,544	1,404
#129	
rustbell
97.89%	68,895	10,170	140	2,208	1,032
#130	
HaruTachi-
98.61%	47,864	10,169	23	477	1,027
#131	
OPJames
99.12%	79,338	10,169	58	917	1,050
#132	
_AvA
98.89%	79,921	10,159	158	799	978
#133	
kutafix
98.85%	84,431	10,155	42	370	670
#134	
Epiphany
99.59%	93,181	10,155	432	1,446	1,486
#135	
Flask
98.82%	62,063	10,154	145	1,912	1,295
#136	
[RanYakumo]
98.85%	111,171	10,147	190	2,220	718
#137	
Zmatureeno
98.81%	101,048	10,141	35	644	609
#138	
Yuuzinho
98.23%	111,068	10,127	114	822	771
#139	
Jerekek
98.17%	12,817	10,124	6	79	168
#140	
Beafowl
99.35%	109,667	10,109	306	942	525
#141	
-Machine-
97.83%	80,220	10,108	158	1,100	2,049
#142	
Stoof
98.88%	80,033	10,107	69	866	1,231
#143	
Rekaru
99.12%	82,487	10,103	231	1,254	829
#144	
Lolisim
99.02%	90,690	10,080	265	1,109	661
#145	
Emperorpenguin83
99.27%	114,459	10,079	199	2,476	1,118
#146	
NerO
97.83%	121,708	10,075	153	1,671	875
#147	
Hasawa Kraenes
98.74%	75,392	10,066	3	1,022	1,167
#148	
Ampharos
97.63%	49,049	10,061	55	301	341
#149	
[ Zane ]
98.81%	137,672	10,052	139	2,114	1,236
#150	
SlimeDrippy
98.99%	65,605	10,041	28	857	315
#151	
Elysion
98.28%	94,503	9,565	34	783	1,372
#152	
FlySlime
96.49%	73,823	9,554	103	1,029	1,122
#153	
AtHeoN
99.16%	125,045	9,549	102	1,768	689
#154	
Neta
99.05%	98,191	9,520	289	3,438	182
#155	
Lexalia
98.98%	76,610	9,518	123	1,227	683
#156	
Worne
99.42%	147,504	9,515	1,221	3,167	131
#157	
My Aim Trash
99.47%	155,785	9,508	204	1,632	1,635
#158	
Toke
98.66%	330,146	9,502	80	1,523	1,836
#159	
Meltina
99.15%	106,429	9,500	161	1,917	798
#160	
_Shield
99.10%	28,221	9,494	167	782	743
#161	
Malolat
99.28%	81,652	9,490	69	643	584
#162	
Jameslike
98.74%	52,945	9,484	72	1,299	638
#163	
Informous
98.50%	58,243	9,482	53	749	1,105
#164	
cmnk
98.64%	78,799	9,478	104	994	977
#165	
- Phantasma -
98.19%	89,561	9,476	194	1,514	1,084
#166	
BeasttrollMC
98.78%	67,773	9,475	40	933	560
#167	
Identical
99.03%	66,782	9,468	131	937	641
#168	
HowlWater
93.99%	66,318	9,463	33	631	548
#169	
r0ck
99.05%	111,665	9,459	266	2,792	1,135
#170	
OPJames
99.11%	75,513	9,454	54	875	994
#171	
gasanww
99.50%	213,450	9,440	1,222	4,108	83
#172	
Area
98.76%	111,339	9,434	196	2,270	943
#173	
bahamete
98.67%	99,480	9,430	164	1,027	481
#174	
ChitogeOP
98.09%	110,403	9,429	56	806	771
#175	
Doomsday
98.16%	268,468	9,416	893	6,829	1,365
#176	
Hyppyri
99.07%	119,726	9,414	107	1,251	1,683
#177	
Twintail
99.17%	100,084	9,410	2,199	1,307	154
#178	
EbonSol
91.74%	30,271	9,401	39	466	541
#179	
Skydiver
98.09%	65,704	9,398	27	456	543
#180	
kazamabc
98.80%	103,447	9,386	54	935	717
#181	
Yuza
99.12%	73,758	9,380	50	1,099	544
#182	
itsamemarioo
84.72%	22,270	9,379	7	79	120
#183	
uvrv
98.35%	73,965	9,376	60	1,398	692
#184	
Sebu
98.55%	174,439	9,376	48	1,240	896
#185	
Fangzy
99.17%	92,771	9,344	383	2,655	1,001
#186	
Orbi
99.25%	107,250	9,343	81	1,373	495
#187	
_AvA
98.77%	73,075	9,340	150	802	852
#188	
Yazone
99.06%	93,468	9,335	151	1,392	1,039
#189	
Zekker
98.86%	65,951	9,331	466	639	342
#190	
Mekuru
98.24%	60,997	9,327	83	1,055	671
#191	
Viveliam
99.06%	133,505	9,327	17	1,314	1,183
#192	
-Archangel-
97.94%	114,763	9,322	176	2,137	1,310
#193	
Hasawa Kraenes
98.35%	71,727	9,322	2	980	1,038
#194	
traps
99.09%	33,176	9,313	52	1,025	536
#195	
TheLamaHD
99.46%	37,556	9,306	124	709	1,007
#196	
Snorlaax
98.01%	67,223	9,305	20	467	647
#197	
FGSky
96.10%	134,783	9,303	39	458	453
#198	
Saix
99.29%	60,720	9,301	81	1,079	70
#199	
Happy New Year
99.03%	81,682	9,299	756	2,117	128
#200	
AmaiHachimitsu
98.78%	209,111	9,293	86	1,701	567
#201	
Calcium
97.86%	139,438	9,293	35	1,108	2,659
#202	
Dsan
99.23%	134,314	9,290	672	3,567	713
#203	
Alumetri
98.19%	31,427	9,290	57	588	311
#204	
Kaanibaru
98.60%	93,353	9,282	28	536	484
#205	
Idealism
98.41%	73,399	9,280	90	1,407	931
#206	
Topoi
98.40%	61,871	9,273	23	768	800
#207	
Warrock
99.27%	94,055	9,269	323	1,597	1,465
#208	
Enon
99.11%	111,348	9,269	208	1,889	1,098
#209	
MrPotato
98.96%	126,304	9,268	142	1,428	956
#210	
[-Lockon-]
97.75%	96,524	9,267	8	874	960
#211	
MeiMei
99.24%	33,588	9,261	16	437	289
#212	
Myko
98.77%	47,431	9,259	15	463	648
#213	
Kurogami
98.17%	68,296	9,254	93	953	761
#214	
CPUGeek
99.38%	112,390	9,251	271	1,505	526
#215	
xaxreid
99.27%	72,796	9,248	18	318	713
#216	
DenObscure
98.53%	112,149	9,243	137	2,004	1,077
#217	
DigiDrake
99.00%	78,991	9,224	125	930	291
#218	
patch
98.35%	62,618	9,224	22	666	646
#219	
waywern2012
98.45%	65,809	9,218	137	1,018	1,352
#220	
Ponyawka
98.29%	99,548	9,214	78	410	334
#221	
saikurondark
98.71%	79,354	9,210	12	453	368
#222	
My Aim Zogs
99.35%	121,077	9,204	117	1,041	1,031
#223	
Wucki
98.97%	86,641	9,199	247	1,134	1,893
#224	
Blobby3000
99.03%	53,255	9,194	35	592	907
#225	
Wombraider
97.67%	34,887	9,193	9	368	539
#226	
-HERO-
98.74%	170,093	9,191	147	885	812
#227	
Psycopath-
98.77%	174,928	9,185	32	882	877
#228	
Chronomarly
99.22%	90,701	9,176	231	759	326
#229	
theez35
99.32%	43,500	9,175	18	306	290
#230	
kevjn
97.91%	18,575	9,171	18	168	193
#231	
Zain Sugieres
98.52%	63,319	9,169	27	503	773
#232	
LanJay
98.36%	112,736	9,165	96	931	1,015
#233	
Mayoi Hachikuji
98.71%	145,888	9,165	103	1,284	1,305
#234	
Sakke
98.28%	68,768	9,162	14	308	213
#235	
Reifos
99.49%	68,507	9,161	283	1,210	191
#236	
Crystal
98.49%	85,244	9,161	682	3,546	560
#237	
PikaPwn
99.32%	59,575	9,155	105	919	871
#238	
Ritzeh
99.08%	83,122	9,152	115	1,713	724
#239	
Woey
99.10%	142,526	9,151	1,270	3,428	877
#240	
T A K A O
99.27%	86,326	9,140	152	885	1,341
#241	
Riven
99.18%	150,877	9,140	128	1,201	964
#242	
Vamhi-
98.03%	65,516	9,138	18	296	275
#243	
Cheese Kai
98.99%	55,500	9,134	30	579	821
#244	
SlimeDrippy
98.92%	58,471	9,127	23	795	214
#245	
karalis
98.55%	90,294	9,127	55	1,109	906
#246	
Umbre
99.20%	133,394	9,124	171	875	1,248
#247	
isokasapupuja
99.05%	125,748	9,115	147	1,493	938
#248	
SilveRain
98.43%	93,865	9,110	672	1,753	638
#249	
yuilemo
98.85%	43,194	9,109	65	1,009	604
#250	
wavezz
99.09%	74,212	9,108	309	1,530	813
#251	
Cloz1k
98.46%	143,078	9,108	14	349	982
#252	
SpajdeR
99.16%	127,913	9,107	177	1,499	498
#253	
Rekaru
99.28%	79,510	9,107	230	1,210	784
#254	
[Lunatic Bell]
98.06%	133,426	9,102	20	1,055	656
#255	
CrtReXn
99.14%	97,683	9,100	134	1,866	1,626
#256	
legekka
99.08%	64,324	9,097	148	971	853
#257	
kamome sano
97.99%	28,280	9,093	47	480	693
#258	
Satoruu
99.44%	50,134	9,092	300	1,208	635
#259	
SkyArrow
99.27%	29,028	9,092	17	350	418
#260	
Mira-san
98.74%	69,525	9,089	171	1,004	213
#261	
- G I D Z -
98.53%	142,668	9,081	198	2,079	831
#262	
Saimonea
98.80%	70,843	9,077	218	668	211
#263	
Haganenno
99.14%	85,680	9,075	165	912	729
#264	
kutafix
98.59%	72,563	9,070	21	306	591
#265	
[ DANIEZ ]
98.39%	131,116	9,062	220	2,685	546
#266	
mniminwoo
98.80%	118,530	9,061	101	1,289	1,253
#267	
oxycodone
97.65%	191,903	9,059	62	1,185	1,089
#268	
Cocaine dog
98.29%	103,935	9,056	43	692	613
#269	
Pittigbaasje
99.12%	64,367	9,055	89	1,220	533
#270	
Eileyn
97.21%	67,384	9,050	8	491	672
#271	
Gomo Pslvarh
99.07%	62,547	9,049	2,033	2,624	193
#272	
Arua
98.87%	89,129	9,047	70	770	333
#273	
Runa
99.04%	44,867	9,046	238	842	641
#274	
Aden
97.29%	92,927	9,043	25	952	1,097
#275	
Astana
98.58%	75,992	9,041	16	652	604
#276	
Qu1z
97.88%	69,678	9,037	36	563	940
#277	
GHAngeloid
99.18%	139,197	9,032	200	2,950	507
#278	
My Angel Lina
98.47%	57,927	9,030	11	582	569
#279	
Veth
99.45%	83,806	9,028	127	706	646
#280	
Toushi
99.15%	81,699	9,024	52	907	885
#281	
Miko
98.62%	87,886	9,024	8	432	889
#282	
nick1324
98.61%	42,930	9,022	44	827	609
#283	
Pray
94.93%	109,473	9,019	30	2,559	686
#284	
Seouless
98.75%	160,394	9,017	60	1,559	905
#285	
follon
98.69%	83,159	9,016	266	919	723
#286	
Astrovia
98.17%	73,364	9,015	77	605	912
#287	
- Dark -
98.49%	64,580	9,012	42	583	767
#288	
ChronoTrig
98.83%	130,550	9,009	114	1,372	824
#289	
Mathyu
97.41%	69,635	9,008	55	619	410
#290	
Gokuri
99.06%	101,690	9,001	193	1,524	1,034
#291	
Tiger Claw
98.30%	115,441	9,000	42	1,051	1,267
#292	
Yellow
98.86%	88,628	8,998	74	998	478
#293	
gissirianko
98.42%	62,785	8,994	119	959	316
#294	
[ Lili ]
98.80%	98,654	8,982	47	933	842
#295	
Wario
99.22%	92,623	8,982	179	1,173	1,457
#296	
harunaruna
98.55%	113,045	8,980	133	1,241	641
#297	
Num
97.98%	98,738	8,974	54	783	959
#298	
Always 1miss
96.85%	78,600	8,966	202	1,644	1,021
#299	
Texats
98.61%	86,456	8,961	78	1,256	1,061
#300	
ftg
98.92%	107,757	8,959	53	1,028	841
#301	
Blairzey
98.13%	112,960	8,958	21	509	640
#302	
-Wolfy-
98.01%	67,597	8,956	152	1,298	809
#303	
Kaoru
99.25%	147,780	8,955	284	3,755	2,642
#304	
Woffel
99.49%	79,462	8,943	86	549	1,398
#305	
Sanjilift
98.99%	121,088	8,937	14	683	616
#306	
Spark-desu
98.26%	82,246	8,936	15	826	723
#307	
-Kazuki-
98.87%	124,952	8,934	550	1,491	1,049
#308	
fartownik
99.15%	270,860	8,934	156	2,453	1,259
#309	
Serena
99.34%	83,130	8,929	703	1,106	529
#310	
Hippo
98.68%	35,139	8,923	63	629	909
#311	
Kabu
99.21%	124,769	8,920	93	730	920
#312	
Sheba
99.18%	114,126	8,920	2,000	2,000	0
#313	
w1sp
97.83%	22,264	8,920	20	447	507
#314	
MetoA
98.68%	61,008	8,919	90	982	747
#315	
Emula
99.14%	101,809	8,919	151	2,291	641
#316	
Zmatureeno
98.91%	82,464	8,911	31	582	488
#317	
My Angel Haruna
97.30%	98,629	8,909	28	1,370	485
#318	
Mrotaku
98.93%	65,180	8,906	64	1,111	599
#319	
NuHaru
98.10%	37,797	8,896	17	1,016	771
#320	
Touchette
98.10%	64,807	8,892	44	1,028	529
#321	
Girl
92.48%	71,517	8,888	81	961	955
#322	
ExLeaF
98.40%	71,580	8,888	55	699	601
#323	
FlowR
99.17%	128,805	8,884	130	1,151	803
#324	
Ampharos
98.26%	36,465	8,882	53	261	237
#325	
dokidokilolixx
93.54%	43,839	8,882	13	324	326
#326	
Nakocchi
98.66%	60,518	8,873	327	2,059	1,281
#327	
Anzu Takakura
98.82%	94,406	8,872	20	414	621
#328	
yellowy246
98.94%	88,927	8,870	207	1,047	855
#329	
-Dylson-
99.28%	79,282	8,868	89	1,546	428
#330	
Danidesu
98.18%	58,855	8,867	29	469	768
#331	
Urania
99.15%	81,493	8,866	33	595	709
#332	
-PloX
98.73%	89,281	8,860	137	571	789
#333	
Rampax
97.87%	132,675	8,859	19	866	1,404
#334	
scuoa
99.37%	70,246	8,858	173	1,690	1,025
#335	
Lunirs
98.03%	54,622	8,858	14	665	846
#336	
filsdelmao
98.60%	40,804	8,855	99	586	562
#337	
-raizen-
99.07%	117,003	8,853	23	971	937
#338	
Aknama
96.96%	126,570	8,852	47	462	587
#339	
TheKid217
99.48%	97,457	8,849	762	1,527	1,145
#340	
[C u r i]
98.64%	63,666	8,842	125	1,071	673
#341	
Shiawase
99.14%	110,661	8,838	249	3,578	1,360
#342	
Far_Q
98.75%	145,563	8,831	58	1,782	951
#343	
Sarasa
98.56%	47,753	8,829	38	608	509
#344	
Vall
97.30%	115,087	8,828	8	614	736
#345	
Jonimay
98.69%	125,089	8,828	91	1,405	1,356
#346	
Shiina Noriko
98.82%	35,812	8,826	100	1,361	668
#347	
Broodich
99.11%	187,647	8,825	702	3,035	2,364
#348	
FeriOP
98.80%	105,809	8,825	114	1,304	1,683
#349	
AxewB
98.73%	87,177	8,822	48	775	601
#350	
Exarch
98.61%	72,899	8,822	31	788	881
#351	
schlafen
99.14%	136,081	8,821	341	1,745	1,062
#352	
Lovestruck
98.71%	72,593	8,821	63	598	508
#353	
eoehd1ek
98.09%	73,410	8,817	284	1,919	498
#354	
Sickoh
98.40%	97,453	8,814	14	541	494
#355	
Sakurai Momoka
98.79%	78,025	8,812	243	2,322	1,115
#356	
Boggles
98.17%	65,459	8,809	113	1,318	795
#357	
B e N i
99.23%	161,880	8,803	524	2,452	863
#358	
Commy
98.80%	95,339	8,802	368	1,343	255
#359	
Syph
98.64%	71,419	8,800	39	624	1,195
#360	
Yakisoba_Pan
98.96%	148,134	8,799	439	1,479	968
#361	
Puffydaddy
99.26%	67,929	8,797	24	719	1,254
#362	
BDDav
99.41%	114,891	8,795	420	1,609	281
#363	
Shelbis
98.69%	63,370	8,785	35	666	736
#364	
Razuh
97.74%	62,194	8,778	58	693	1,241
#365	
Death
98.94%	85,195	8,776	150	1,001	1,159
#366	
Anroyz
98.57%	145,363	8,765	57	976	1,135
#367	
Mystia
98.63%	114,290	8,762	123	983	1,072
#368	
MCNortrom
98.85%	62,621	8,760	53	1,329	900
#369	
Flami
99.16%	63,475	8,758	183	1,050	1,487
#370	
MarthXT
98.42%	100,268	8,757	353	1,905	1,426
#371	
Tetla
98.48%	123,882	8,756	609	1,453	299
#372	
Yuiteru
98.47%	91,561	8,754	48	805	416
#373	
SylvieLism
99.07%	58,509	8,754	484	688	937
#374	
Maffe
98.89%	61,513	8,754	94	1,097	1,133
#375	
SpringLane
98.52%	72,764	8,752	67	2,460	773
#376	
Niii-san
99.14%	80,324	8,749	99	802	760
#377	
LoidKun
97.06%	107,675	8,748	195	1,423	884
#378	
Nakano-
98.47%	178,967	8,747	686	3,001	169
#379	
Art
98.79%	106,194	8,742	44	768	636
#380	
ABERON
99.07%	67,209	8,740	75	831	824
#381	
-GN
98.01%	120,398	8,737	153	1,347	695
#382	
Haynoru
99.42%	123,432	8,733	82	3,121	1,668
#383	
CatBagasm
96.77%	48,962	8,729	46	869	431
#384	
gigagamer37
99.63%	57,313	8,728	381	1,193	927
#385	
Squapple
98.59%	38,990	8,725	25	655	439
#386	
Sooki
98.42%	119,760	8,718	22	974	1,210
#387	
Usagi sama
99.28%	74,627	8,711	153	1,032	620
#388	
crisco13
98.81%	101,714	8,707	40	664	769
#389	
neko ds
97.83%	101,322	8,704	45	796	926
#390	
kyle
98.73%	103,666	8,701	9	923	1,064
#391	
Spazza17
99.06%	62,377	8,700	279	1,529	920
#392	
Koni Kinmo
98.77%	46,023	8,697	57	1,048	1,234
#393	
[ Jewel Yuki ]
97.81%	78,152	8,695	35	831	853
#394	
Reira
98.75%	34,715	8,688	50	471	439
#395	
ffury
99.23%	66,352	8,687	385	1,234	501
#396	
Garch
98.09%	111,567	8,682	9	1,845	1,083
#397	
owo 6821
97.71%	53,927	8,678	10	202	280
#398	
a_Blue
95.23%	60,951	8,676	7	298	249
#399	
Sadness
98.88%	107,284	8,674	78	994	1,024
#400	
SoMad
98.82%	91,042	8,670	39	1,500	1,485
#401	
gbs tap
99.35%	75,577	8,667	250	1,763	601
#402	
ithgyu
99.09%	56,752	8,666	33	968	1,228
#403	
moguosu
96.61%	34,076	8,663	30	689	611
#404	
YoungPretzel
98.85%	71,581	8,659	59	942	743
#405	
Shirasaka Koume
98.62%	52,236	8,657	45	936	781
#406	
c00kiezecky
99.03%	83,856	8,655	78	609	1,050
#407	
Shii
97.04%	94,417	8,655	29	1,289	862
#408	
Yuria
98.60%	127,548	8,654	2,358	1,714	1,245
#409	
worst dt player
98.58%	103,688	8,652	156	862	975
#410	
Fervore
98.01%	68,453	8,651	52	981	1,087
#411	
Sakayaneegi
98.90%	85,641	8,647	190	1,302	231
#412	
xElectroGH
98.91%	60,506	8,645	122	806	698
#413	
Skill
98.95%	66,746	8,642	209	1,258	901
#414	
Akiko-
97.82%	109,876	8,641	162	2,051	424
#415	
Leotic
98.40%	59,794	8,631	185	3,444	1,111
#416	
Elscar
99.35%	107,005	8,631	439	1,241	250
#417	
Sonix
99.05%	45,077	8,631	87	772	575
#418	
Super Arrow
97.92%	93,643	8,631	64	1,960	1,074
#419	
Shigure chan
98.82%	61,191	8,629	121	1,734	703
#420	
kyIe
99.16%	90,220	8,627	38	704	906
#421	
Sinch
98.83%	96,437	8,625	571	3,872	629
#422	
ruexia
97.75%	99,067	8,625	6	476	584
#423	
Frosiito
98.14%	62,092	8,624	29	514	740
#424	
esemoka57
98.64%	96,439	8,620	33	648	485
#425	
Akani
98.96%	95,362	8,617	163	1,341	651
#426	
Chezz
99.09%	22,110	8,610	69	738	1,082
#427	
W3CAT der Gott
98.97%	46,181	8,607	136	1,658	1,082
#428	
fabriciorby
98.94%	88,384	8,604	707	1,377	68
#429	
Nadir
98.89%	51,529	8,602	68	451	586
#430	
Spork Lover
99.11%	73,797	8,601	188	1,876	978
#431	
gusrua123
98.65%	60,524	8,588	64	2,012	906
#432	
Pein
98.97%	105,781	8,584	196	2,154	982
#433	
Aoba Karingo
98.24%	121,405	8,582	22	668	636
#434	
UDQN
98.92%	58,739	8,581	261	1,687	840
#435	
Teachu
99.44%	56,291	8,580	526	2,156	156
#436	
[ZN]
98.51%	146,314	8,578	59	1,290	1,197
#437	
OhAHO
98.67%	159,607	8,577	199	1,582	1,285
#438	
Cien
98.61%	108,742	8,577	270	2,688	441
#439	
LilDoc
98.07%	105,738	8,571	61	1,488	1,186
#440	
PizzaLovers007
98.94%	27,315	8,571	34	895	761
#441	
- Angel Dust -
99.00%	109,101	8,570	191	2,510	644
#442	
- Daichi -
99.31%	80,189	8,566	181	914	1,420
#443	
GGBY
98.35%	191,971	8,566	1,505	12,722	251
#444	
Mooha
99.43%	60,060	8,565	471	1,615	78
#445	
fripSide
97.97%	82,688	8,564	370	1,099	922
#446	
Venrue
97.71%	67,056	8,563	13	263	614
#447	
Constelletion
98.92%	165,127	8,563	96	1,469	1,007
#448	
Doma Umaru
97.93%	132,730	8,560	89	2,518	1,137
#449	
DT-sama
98.89%	184,689	8,559	79	1,823	1,861
#450	
nycto
98.02%	135,767	8,558	36	915	957
#451	
FriendoFox
99.02%	95,720	8,547	139	879	861
#452	
Noname0
99.18%	63,976	8,543	114	1,096	1,223
#453	
Titus
99.11%	55,832	8,540	162	1,355	741
#454	
Mizarr
97.10%	62,345	8,539	59	749	522
#455	
Mishima Yurara
98.77%	76,244	8,536	40	1,002	1,093
#456	
egemenbsrms
98.55%	53,795	8,533	27	373	741
#457	
nr_pm
98.68%	84,846	8,532	63	627	499
#458	
moca
99.13%	31,796	8,531	242	1,308	413
#459	
Tomatonium
98.84%	56,048	8,531	130	760	506
#460	
DualAkira
99.07%	91,543	8,530	220	839	681
#461	
My Angelsim
98.89%	154,970	8,525	583	2,083	401
#462	
M Flat
98.61%	23,234	8,522	148	846	628
#463	
Alumetorz
99.30%	89,307	8,522	92	1,131	501
#464	
YoonA-
98.98%	86,740	8,518	143	1,163	635
#465	
No01
98.24%	146,666	8,518	173	1,842	1,072
#466	
Vandabe
98.82%	100,054	8,507	84	1,351	711
#467	
-SoMoE-
98.41%	96,104	8,505	41	836	332
#468	
im bad
99.06%	93,558	8,502	27	529	634
#469	
DomenCherry
98.07%	35,748	8,502	66	615	1,121
#470	
Small K
98.66%	110,679	8,501	267	3,711	664
#471	
Koltay
99.31%	53,648	8,501	459	2,556	1,346
#472	
Elegant Loli
98.70%	20,650	8,489	43	1,262	859
#473	
Vento
98.97%	64,375	8,487	61	520	274
#474	
Igor Cabra
98.25%	77,193	8,484	17	650	607
#475	
Jesus[Krists]
98.80%	74,011	8,482	39	849	681
#476	
Shinkei
97.41%	50,759	8,475	0	351	215
#477	
fuduhasio
99.09%	120,299	8,472	201	1,919	951
#478	
benki
98.98%	56,373	8,472	31	1,125	1,163
#479	
TheCoon324
98.83%	88,097	8,469	28	667	466
#480	
Akane-Yuki
98.83%	52,038	8,468	73	1,041	684
#481	
Cinia Pacifica
98.34%	55,147	8,468	63	1,417	437
#482	
kawaine
98.19%	61,176	8,467	7	250	407
#483	
Saizu
99.24%	85,798	8,461	33	998	1,100
#484	
Agni
99.16%	62,219	8,457	141	954	1,331
#485	
Kixs Student
99.25%	42,182	8,449	60	751	541
#486	
Reiyoru-
98.05%	96,051	8,448	1,443	2,603	1,100
#487	
Toshinou Kyouko
98.99%	68,296	8,445	138	2,438	725
#488	
OsunMoM-
98.89%	63,647	8,443	125	1,173	492
#489	
FllareA
98.73%	101,649	8,442	25	1,239	1,177
#490	
StrawberryPocky
97.06%	75,108	8,440	6	207	222
#491	
Der
98.75%	130,703	8,438	166	1,493	631
#492	
Kyoushouryuu
99.22%	91,589	8,434	266	2,375	1,907
#493	
WORSTPOLACKEU
98.14%	70,572	8,431	27	714	718
#494	
swerve
98.11%	61,575	8,429	68	1,492	551
#495	
Shirone
98.66%	83,572	8,429	104	1,145	549
#496	
Vinsu
98.51%	61,093	8,428	73	860	636
#497	
unberlin
98.87%	136,916	8,426	78	1,327	1,468
#498	
Tosino Kyoko
98.81%	53,510	8,424	177	1,403	585
#499	
Kuronora
98.74%	117,423	8,424	110	1,558	825
#500	
Diallo
98.55%	71,002	8,420	68	773	1,393
#501	
Lexion
99.07%	50,044	8,415	92	907	964
#502	
-Zelos-
98.81%	81,251	8,413	197	1,667	1,000
#503	
Delis
98.96%	82,178	8,411	350	2,002	634
#504	
[Trafis]
98.33%	44,192	8,411	55	842	905
#505	
okinamo
98.62%	46,014	8,410	25	486	881
#506	
1miss
98.16%	62,517	8,408	42	1,014	865
#507	
Kirin
98.69%	96,305	8,402	82	1,062	790
#508	
Cnya
98.73%	108,143	8,401	65	3,122	858
#509	
-Trinity-
98.05%	90,747	8,399	14	483	620
#510	
Grey-
98.74%	16,339	8,399	3	211	347
#511	
Fser
99.19%	42,624	8,397	179	800	536
#512	
AAA
98.92%	111,294	8,395	246	2,073	97
#513	
Van Darkholme
98.73%	77,385	8,394	72	1,214	894
#514	
Catoliel
97.17%	101,728	8,394	15	426	694
#515	
SkyzWai-
98.82%	130,611	8,393	51	1,860	1,002
#516	
Schwartz
98.44%	103,405	8,390	207	1,208	1,002
#517	
SP33DW33D
98.68%	27,247	8,385	22	430	583
#518	
Mongoose-
98.08%	76,465	8,385	40	913	1,342
#519	
Rekia
98.09%	58,642	8,385	22	621	537
#520	
Duftende Pizza
99.49%	65,079	8,378	336	1,330	670
#521	
Cerkie
99.14%	125,022	8,377	330	1,323	1,119
#522	
cptnXn
99.19%	98,595	8,373	97	1,138	565
#523	
Hide On Note
99.07%	35,978	8,372	21	754	1,020
#524	
My Not
98.50%	113,568	8,372	136	2,437	1,514
#525	
Rean-K
98.26%	54,578	8,370	21	1,076	647
#526	
Bauxe
98.52%	80,236	8,367	148	2,456	870
#527	
_kyky_
98.34%	69,366	8,364	26	618	750
#528	
s3552515
99.10%	73,159	8,364	31	808	562
#529	
kaminogi
98.14%	50,329	8,362	59	970	706
#530	
Rion-
99.40%	99,681	8,358	157	1,418	798
#531	
Yasen
98.79%	73,648	8,357	44	277	474
#532	
thelewa
99.38%	169,068	8,356	933	3,943	1,007
#533	
Adam_tw
98.77%	123,450	8,355	146	974	717
#534	
Sakurauchi Riko
98.94%	92,999	8,355	128	1,369	833
#535	
Save Me
98.56%	22,578	8,354	21	437	287
#536	
Zabijaka
98.67%	120,383	8,351	98	1,108	953
#537	
KafuuChino
98.26%	12,478	8,351	11	423	428
#538	
ClawViper
99.11%	55,026	8,349	249	2,584	141
#539	
Yacos
97.52%	99,239	8,343	18	811	2,039
#540	
-Yato-
98.89%	56,587	8,343	16	554	311
#541	
GranDSenpai
98.68%	129,351	8,335	24	566	1,020
#542	
onyaga
99.60%	98,250	8,335	138	669	1,241
#543	
Ignite
98.91%	120,779	8,334	184	1,273	980
#544	
Zodiaack
99.07%	84,144	8,327	130	2,451	1,793
#545	
[ Umaruun ]
99.02%	30,667	8,326	90	634	321
#546	
ltasia
98.74%	107,958	8,321	54	1,534	542
#547	
Anze
99.03%	142,363	8,319	285	1,625	783
#548	
ncuh
99.27%	164,341	8,318	245	1,883	927
#549	
Asion
99.02%	78,390	8,318	122	1,345	984
#550	
Valentine
99.09%	85,843	8,318	326	1,405	465
#551	
oohily
98.70%	83,297	8,317	114	3,025	1,140
#552	
Okinotori
99.10%	75,999	8,315	368	1,277	1,365
#553	
[KOR]Kosaki
98.64%	102,317	8,315	32	697	193
#554	
sinon
97.34%	89,719	8,314	103	626	780
#555	
Mastaah
99.00%	55,536	8,314	141	1,357	403
#556	
Mayzel
99.24%	162,125	8,312	621	3,674	883
#557	
Aldrouch
98.34%	75,312	8,312	8	336	644
#558	
black1207
98.89%	88,892	8,308	145	1,959	815
#559	
3D Printer
98.83%	62,505	8,307	283	2,350	1,308
#560	
WagnerWarrior
99.13%	58,122	8,307	56	785	780
#561	
Lua
99.03%	110,792	8,300	4	520	1,006
#562	
little Agile
99.48%	92,613	8,300	1,029	3,384	750
#563	
vitail
98.72%	88,766	8,299	49	885	1,013
#564	
ReusoL
99.15%	62,201	8,297	166	1,056	690
#565	
YoungPretzel
98.90%	71,658	8,295	59	943	748
#566	
Sablestars
99.40%	67,225	8,294	57	824	400
#567	
Jolene
97.99%	93,866	8,290	70	955	542
#568	
_---_
99.55%	100,910	8,287	128	834	865
#569	
shortpotato
98.96%	40,894	8,287	168	1,367	851
#570	
872316468
98.11%	84,829	8,285	8	1,515	506
#571	
-Machine-
98.12%	64,870	8,283	136	942	1,698
#572	
Natalia
99.03%	36,939	8,280	129	1,203	1,035
#573	
Shiorii
99.24%	66,602	8,279	727	568	718
#574	
lorelai
97.98%	112,807	8,279	6	913	1,079
#575	
yooriko
96.85%	88,734	8,277	10	541	635
#576	
XVoIR
98.51%	45,242	8,270	46	560	371
#577	
Rimuru
98.14%	68,987	8,269	33	498	474
#578	
Kosmonautas
99.03%	55,396	8,267	72	758	1,258
#579	
Timpai
97.63%	81,726	8,266	58	1,219	1,229
#580	
[ Yozzied ]
98.60%	82,642	8,265	176	2,624	842
#581	
Enns
99.50%	64,797	8,263	75	588	416
#582	
Aphrow
99.19%	53,559	8,262	147	1,405	1,148
#583	
Hanori
98.80%	43,370	8,259	74	841	647
#584	
Frictionless
98.41%	26,428	8,247	115	627	386
#585	
- Hakurei Kou -
98.62%	224,344	8,246	76	807	245
#586	
Yohei
99.01%	35,511	8,245	366	971	394
#587	
Slizzer
98.91%	80,483	8,241	121	1,999	1,303
#588	
_Degenerate
98.83%	70,738	8,238	17	1,148	1,149
#589	
Timowoof
98.03%	53,375	8,237	41	1,036	1,336
#590	
Yuh
99.56%	53,568	8,236	727	1,486	135
#591	
Niko
98.84%	74,679	8,236	233	1,299	480
#592	
buny
98.67%	97,151	8,228	10	744	523
#593	
sAraShina
98.93%	149,757	8,228	617	3,833	819
#594	
Nega
98.79%	94,404	8,227	209	766	837
#595	
Link135
98.53%	76,032	8,223	35	906	898
#596	
fea
98.07%	56,437	8,222	307	343	193
#597	
renoxz
99.40%	84,493	8,222	94	749	1,143
#598	
White Tiger
98.78%	60,340	8,221	193	1,673	518
#599	
Amplify
98.74%	164,696	8,220	37	1,136	791
#600	
Cremation
98.72%	182,939	8,220	750	3,190	1,765
#601	
rinkon
98.84%	141,955	8,218	138	2,658	757
#602	
Maika
99.01%	71,787	8,214	388	725	173
#603	
Garden
98.77%	44,703	8,214	772	3,860	95
#604	
Honeymap
89.18%	39,392	8,214	112	203	108
#605	
raser1234
98.01%	53,244	8,213	223	1,029	484
#606	
Arina
98.50%	84,321	8,213	203	792	602
#607	
Oxia
99.10%	77,443	8,212	172	1,915	1,823
#608	
PeteX
98.40%	97,553	8,210	126	1,867	1,084
#609	
Avenito
98.49%	70,842	8,207	44	491	521
#610	
Freezd
99.38%	53,353	8,205	71	449	379
#611	
Monk Gyatso
97.98%	111,361	8,202	40	1,292	1,663
#612	
Mercurius
99.35%	200,437	8,201	1,561	4,850	473
#613	
gejutel
98.45%	107,254	8,200	29	633	600
#614	
aegishield3
99.24%	77,326	8,199	37	585	286
#615	
Nalian
97.21%	62,911	8,198	15	918	568
#616	
xsrsbsns
99.11%	78,644	8,197	1,791	3,083	303
#617	
Orton
98.33%	44,236	8,197	26	607	712
#618	
TobiGH3
98.60%	45,761	8,195	34	773	552
#619	
Willy
99.64%	120,773	8,192	1,792	4,555	128
#620	
KHRiku
98.22%	52,958	8,189	89	877	518
#621	
Hino
98.53%	96,287	8,188	82	1,155	1,256
#622	
WillCookie
98.44%	38,105	8,188	191	983	647
#623	
[- Creepy -]
98.92%	43,455	8,184	51	562	1,063
#624	
xXD4rk_Sl4y3rXx
98.80%	60,452	8,182	74	985	977
#625	
eLy
98.80%	182,386	8,182	229	3,893	1,639
#626	
Rusio
98.00%	60,111	8,181	76	1,590	701
#627	
Lyne
99.02%	64,870	8,180	108	732	588
#628	
Dungeon
98.87%	152,473	8,179	212	2,521	504
#629	
Crystal-
98.13%	61,164	8,179	240	2,157	919
#630	
Chanki
97.21%	198,885	8,176	54	2,270	2,332
#631	
-Kupo-
98.45%	54,291	8,173	59	1,012	1,123
#632	
monome
96.53%	25,372	8,172	7	613	444
#633	
[ Mystic ]
99.21%	62,366	8,172	28	1,019	1,208
#634	
-Miruku-
98.76%	58,992	8,171	81	1,038	1,478
#635	
Aeril
99.04%	90,640	8,171	30	474	597
#636	
Kafuu Chino
98.71%	83,921	8,170	45	862	462
#637	
- Akira Len -
98.98%	58,579	8,167	130	1,039	1,024
#638	
FayeurS
99.54%	68,751	8,164	896	1,803	278
#639	
[ KamKurGi521 ]
98.02%	68,460	8,163	43	829	416
#640	
Colored
98.87%	142,442	8,160	233	3,416	741
#641	
sk0
99.32%	59,664	8,160	147	908	899
#642	
ToLove
99.04%	54,484	8,157	121	783	442
#643	
Icyteru
99.28%	99,293	8,155	61	1,207	775
#644	
ErikSu
96.91%	74,401	8,154	33	625	439
#645	
funky enough
98.28%	64,296	8,149	10	927	936
#646	
ChinaNo1
98.78%	53,132	8,149	43	1,084	1,416
#647	
FreeDom
98.86%	115,005	8,148	185	922	498
#648	
ebc123
98.37%	146,744	8,143	41	1,102	1,042
#649	
younited
99.30%	37,862	8,142	38	657	285
#650	
Latrio
98.66%	104,268	8,141	227	3,854	334
#651	
ChinaNo1
98.78%	53,246	8,149	43	1,086	1,419
#652	
FreeDom
98.86%	115,117	8,148	185	923	502
#653	
ebc123
98.37%	146,755	8,143	41	1,102	1,042
#654	
younited
99.30%	37,862	8,142	38	657	285
#655	
Latrio
98.66%	104,376	8,141	227	3,861	336
#656	
Raindrop
99.22%	78,410	8,141	169	1,977	1,332
#657	
Doginator
99.17%	57,364	8,140	46	546	509
#658	
gilmat
99.36%	81,144	8,133	148	1,168	1,595
#659	
Avernus
98.56%	54,941	8,132	19	838	860
#660	
Feraza
99.29%	75,624	8,131	657	1,366	953
#661	
Derposoft
98.23%	40,447	8,130	46	1,021	857
#662	
Ralyks
97.56%	37,399	8,127	10	553	495
#663	
Watsaiye
98.28%	136,063	8,127	36	561	627
#664	
momura
98.66%	39,960	8,125	50	631	276
#665	
Chaltier0
99.64%	98,760	8,125	1,456	721	310
#666	
Seichi
98.27%	65,106	8,124	25	620	597
#667	
Sjizu
98.93%	58,924	8,124	112	475	331
#668	
Kardet
98.65%	79,721	8,123	164	1,891	1,187
#669	
surume yotyan
99.61%	53,283	8,117	345	979	632
#670	
WhiteOnion
97.67%	80,056	8,117	204	2,101	539
#671	
Shiny Chariot
98.72%	104,624	8,116	24	500	288
#672	
benjacala
99.00%	140,242	8,115	111	1,917	1,226
#673	
- Niwata -
96.49%	87,702	8,112	60	1,000	737
#674	
Tomadoi
99.22%	55,882	8,111	137	1,353	953
#675	
[ ATChunG ]
98.47%	37,647	8,111	14	371	374
#676	
_Kumiko-chan_
98.90%	81,737	8,111	53	1,320	1,008
#677	
QonQuest
98.98%	115,795	8,110	170	2,403	1,045
#678	
Brown
98.16%	58,280	8,109	62	744	1,382
#679	
[ AeonLust ]
99.21%	68,617	8,108	84	2,119	1,133
#680	
TaNaBaTa
98.79%	111,719	8,108	189	1,773	1,518
#681	
Zakura
97.82%	75,670	8,107	38	769	570
#682	
P1u70
99.12%	35,808	8,106	106	1,093	906
#683	
PandaCattle
97.44%	92,964	8,103	15	492	555
#684	
Hydra
98.76%	54,689	8,102	49	1,828	796
#685	
kiiro127
99.00%	70,302	8,102	23	560	1,063
#686	
ededed028
98.68%	80,877	8,101	41	466	240
#687	
dokhakerok
98.85%	188,148	8,100	37	457	373
#688	
SadnessWillSear
99.29%	70,133	8,100	25	788	678
#689	
Reegi
98.80%	59,188	8,099	70	1,478	1,214
#690	
thaibuy
98.89%	53,000	8,097	93	1,075	736
#691	
Cappy
99.22%	71,879	8,097	138	1,150	948
#692	
Mafham
98.39%	56,955	8,097	161	854	371
#693	
Rakyero
99.57%	55,984	8,093	413	824	930
#694	
Rairiku
98.83%	45,525	8,092	31	734	702
#695	
[Chiyo]
97.79%	80,740	8,090	211	1,527	685
#696	
Macho
99.02%	34,801	8,087	24	452	420
#697	
Prograf
98.51%	58,285	8,086	116	1,234	764
#698	
Kitichu
98.63%	50,235	8,085	34	782	537
#699	
Pupper
99.27%	51,903	8,084	127	1,079	837
#700	
RyuuBei
99.11%	73,201	8,083	206	1,739	818
#701	
Chidori
99.45%	32,794	8,079	97	482	221
#702	
Ahmnesia
99.05%	68,474	8,079	88	985	1,086
#703	
Python
98.84%	114,481	8,073	95	865	1,067
#704	
CeilingWaffle
98.89%	98,560	8,071	38	1,252	679
#705	
KaanKorkmaz
99.28%	60,271	8,070	117	1,020	677
#706	
4mpy
99.41%	110,298	8,070	161	1,007	702
#707	
[KOR]Rem
98.55%	32,967	8,067	34	1,163	917
#708	
ShotgunApe
99.07%	64,713	8,066	69	622	656
#709	
Jace
98.85%	99,916	8,063	90	1,680	1,039
#710	
Ashtar
99.13%	67,310	8,063	118	1,815	197
#711	
Jeebasaurus
98.99%	4,452	8,062	12	121	212
#712	
Minato3
96.42%	107,368	8,058	137	511	610
#713	
Tona
98.91%	114,961	8,056	65	1,642	1,424
#714	
Chewin
99.15%	149,151	8,055	428	5,846	863
#715	
Broccoly
98.01%	77,233	8,054	25	1,112	866
#716	
diabolo77
99.14%	60,643	8,041	98	885	687
#717	
MatsumotoRise
99.02%	56,630	8,038	102	1,857	1,182
#718	
----
98.08%	65,981	8,036	24	499	604
#719	
GfMRT
98.33%	42,205	8,036	159	1,260	575
#720	
Moly
98.53%	109,671	8,033	72	930	1,207
#721	
MINEMINE
98.99%	21,819	8,033	42	412	175
#722	
Deppyforce
98.97%	52,958	8,031	109	1,019	431
#723	
Polaris
98.54%	115,542	8,031	28	795	634
#724	
Maiaz
98.63%	19,609	8,031	8	489	321
#725	
big human
99.24%	88,191	8,030	235	1,279	630
#726	
koki
97.86%	94,733	8,030	72	911	788
#727	
Sonoda-Umi
98.85%	37,380	8,027	54	787	828
#728	
Cream
98.69%	115,521	8,025	231	1,555	1,582
#729	
Eldera
98.89%	73,010	8,024	31	788	543
#730	
Nikulae
99.03%	77,031	8,021	250	1,424	1,608
#731	
Ruchika
99.29%	161,868	8,020	902	2,722	1,109
#732	
- Rosemary -
97.89%	36,886	8,019	17	620	651
#733	
Andrej123
97.92%	59,714	8,016	4	524	417
#734	
momotayan
98.72%	36,922	8,016	194	1,593	392
#735	
Bowlglet
98.77%	63,243	8,014	47	762	543
#736	
[Shaiden]
98.61%	54,651	8,013	44	783	577
#737	
Illkryn
99.08%	165,379	8,012	176	3,101	1,896
#738	
[ BJ ]
99.03%	83,997	8,011	218	1,658	705
#739	
drugkeeper
99.04%	53,364	8,010	32	507	508
#740	
Sj-Sama
98.99%	66,563	8,010	80	1,162	1,217
#741	
- Aki
99.08%	105,267	8,007	8	856	925
#742	
KoaLeahq
98.67%	61,618	8,006	58	1,086	590
#743	
- Bastian -
99.10%	35,021	8,001	12	601	1,081
#744	
Freyja
98.38%	29,979	8,001	40	497	428
#745	
gpdl
99.43%	80,003	8,000	23	335	338
#746	
Regnall
99.41%	112,771	7,997	422	2,126	701
#747	
Guy
99.28%	144,134	7,996	1,524	3,259	836
#748	
Chitogod
98.92%	38,814	7,994	12	589	488
#749	
[Mashiro-Desu]
96.46%	52,577	7,989	23	532	624
#750	
- Slice -
99.74%	130,519	7,987	458	1,227	814
#751	
wallyk
99.12%	35,774	7,985	158	1,292	1,065
#752	
diciestaking
98.97%	59,291	7,983	72	1,259	742
#753	
Proteus
98.81%	76,311	7,977	101	603	536
#754	
AntoN
99.04%	105,496	7,977	190	1,736	2,427
#755	
Aizen
99.02%	24,603	7,976	80	791	359
#756	
Kaifin
99.12%	118,836	7,974	147	1,092	771
#757	
Rika_Desu
98.21%	138,247	7,968	39	622	916
#758	
pyccknn
98.36%	88,767	7,967	56	1,311	1,789
#759	
S I C L A
99.04%	25,191	7,966	16	366	175
#760	
meR maR
97.42%	86,725	7,966	1,154	2,428	210
#761	
SKaiBlue
99.12%	83,477	7,965	94	1,401	156
#762	
Ponytail
96.34%	46,331	7,962	28	399	500
#763	
Hazukashi
98.23%	58,681	7,958	39	886	1,062
#764	
ZephyrProxy
98.93%	100,770	7,958	53	535	136
#765	
Celis
99.25%	154,249	7,958	267	1,703	931
#766	
Lazer
98.23%	52,697	7,958	117	1,582	1,047
#767	
rafalbrew
99.01%	69,656	7,957	85	997	735
#768	
Nenko
99.16%	29,580	7,955	107	527	389
#769	
Kanwa
98.55%	52,079	7,954	61	525	363
#770	
Juhmall
99.23%	56,440	7,951	51	337	734
#771	
skyegrey
99.00%	43,740	7,949	37	635	798
#772	
Michni
99.17%	59,669	7,948	68	719	700
#773	
wobeinimacao
98.88%	161,954	7,948	93	3,758	310
#774	
Megure
99.41%	111,727	7,946	370	2,545	1,208
#775	
Mismagius
98.14%	101,082	7,946	378	4,055	641
#776	
[ G h o s t ]
98.75%	57,105	7,944	121	1,314	1,329
#777	
-Marika
98.86%	104,688	7,942	113	1,537	1,117
#778	
kafaN
99.42%	146,762	7,942	2,253	1,143	134
#779	
Mortal
99.01%	52,996	7,942	126	1,146	583
#780	
Hakurai
99.06%	145,464	7,937	63	878	1,138
#781	
Zinkon
99.02%	57,036	7,934	109	1,863	2,246
#782	
Frostmourne
99.12%	111,565	7,934	683	4,100	647
#783	
TTG
97.91%	84,122	7,931	10	873	881
#784	
Asunamaru
99.18%	66,955	7,928	50	780	482
#785	
HenBurgaaa
99.35%	59,973	7,926	1,351	1,700	584
#786	
BNY963
98.87%	34,150	7,925	47	474	626
#787	
Jensen
98.94%	82,880	7,924	141	644	834
#788	
Hexicate
99.19%	36,574	7,924	42	730	799
#789	
JoJoe
98.45%	33,844	7,922	87	869	567
#790	
Yellowl
99.49%	70,275	7,918	70	661	265
#791	
Imamoto
99.33%	74,666	7,917	811	2,811	1,277
#792	
badeatudorpetre
97.04%	37,850	7,916	32	799	540
#793	
Zenoha
99.23%	48,628	7,916	178	1,406	788
#794	
Sam
97.46%	106,935	7,914	41	819	595
#795	
[ Guardian ]
99.40%	73,126	7,914	610	2,125	649
#796	
WardoX
98.13%	51,190	7,913	58	1,224	1,039
#797	
- Carl -
98.59%	50,429	7,907	19	559	535
#798	
Firebool
99.34%	95,220	7,905	207	1,418	819
#799	
Shayna
98.50%	37,319	7,903	323	1,483	1,915
#800	
eternum
99.06%	26,154	7,901	166	454	315
#801	
Pyrocks
98.97%	85,772	7,901	109	1,133	655
#802	
Bloo-Sun
98.82%	62,715	7,899	29	392	315
#803	
yummy pillow
99.08%	42,989	7,895	106	708	505
#804	
Ciao
98.58%	98,486	7,893	126	1,291	764
#805	
Milkabob
98.70%	60,335	7,891	77	586	1,297
#806	
xoho
99.06%	59,465	7,890	35	766	544
#807	
Sheeaper
98.89%	70,945	7,885	21	527	608
#808	
xDarxen
98.88%	62,686	7,882	71	696	380
#809	
Yuuki-chan
99.01%	75,534	7,881	59	683	484
#810	
-Hideki-
98.44%	67,629	7,881	35	435	319
#811	
Freezei
98.89%	66,241	7,876	17	585	785
#812	
Herbayse
99.43%	91,934	7,875	96	890	928
#813	
- Eucliwood -
99.28%	111,334	7,875	106	1,200	418
#814	
Quallinski
98.79%	102,699	7,871	46	680	681
#815	
Shockwave000
98.91%	149,804	7,870	944	6,874	1,239
#816	
Ultraplex
98.89%	75,778	7,870	74	704	684
#817	
Boy_314
98.54%	49,999	7,868	59	1,192	1,018
#818	
Dinkles
97.79%	75,961	7,867	24	751	493
#819	
Desired
99.05%	34,904	7,864	32	773	466
#820	
pyrowar56
98.72%	102,033	7,863	291	2,892	599
#821	
Nelissa
99.27%	74,989	7,862	92	1,554	931
#822	
Saezury
99.14%	32,897	7,862	51	602	737
#823	
Xbox
99.12%	93,814	7,861	163	1,801	877
#824	
TinyLoliGirl
98.54%	69,325	7,860	39	554	827
#825	
Riviclia
98.04%	136,051	7,860	42	467	836
#826	
Master
99.10%	34,550	7,859	43	534	322
#827	
muchy
99.42%	87,271	7,859	255	1,772	766
#828	
iok144
99.14%	89,958	7,857	112	1,222	1,528
#829	
sonic_gamer96
98.73%	99,893	7,855	45	722	1,298
#830	
Duke
97.38%	18,194	7,853	96	563	472
#831	
Rinzler
99.20%	56,711	7,853	14	346	174
#832	
Numbers
99.15%	73,073	7,851	24	702	810
#833	
Blackskyline
98.48%	48,108	7,851	27	987	735
#834	
MrPopCraft
98.97%	72,000	7,850	16	387	292
#835	
qtz
99.16%	37,348	7,846	50	856	791
#836	
pattrik
98.51%	98,765	7,844	91	782	644
#837	
Tank A13
98.43%	52,438	7,843	17	838	560
#838	
Dzui
98.94%	18,803	7,843	215	641	278
#839	
Maxe191
98.99%	153,737	7,842	917	2,603	384
#840	
xasuma
99.25%	97,286	7,840	7,439	18,442	4,500
#841	
KagenoKami
98.35%	59,816	7,836	12	431	415
#842	
kimchii42
98.79%	25,510	7,831	24	241	252
#843	
HiverK
97.24%	131,920	7,828	83	1,156	1,273
#844	
Silleth
99.25%	111,449	7,826	131	1,733	737
#845	
a12456
97.48%	89,024	7,825	40	3,126	857
#846	
Naxurin
99.57%	135,745	7,824	872	1,644	753
#847	
Rekens
99.33%	80,219	7,824	225	2,375	1,418
#848	
zxxzxxz
98.96%	68,757	7,823	76	1,392	655
#849	
Bangom
96.16%	84,269	7,819	17	847	1,074
#850	
BearZyo
97.02%	61,469	7,816	127	509	846
#851	
DraguinZZ
98.40%	86,974	7,831	40	744	934
#852	
HiverK
97.24%	131,963	7,828	83	1,157	1,273
#853	
Naxurin
99.57%	135,745	7,824	872	1,644	753
#854	
Rekens
99.33%	80,591	7,824	226	2,383	1,425
#855	
Hecs
97.87%	54,526	7,823	42	497	696
#856	
Criss
98.96%	62,841	7,823	105	1,490	2,125
#857	
zxxzxxz
98.96%	68,757	7,823	76	1,392	655
#858	
Gaiava
97.23%	70,529	7,821	18	1,217	935
#859	
Bangom
96.16%	84,596	7,820	17	850	1,083
#860	
BearZyo
97.02%	61,672	7,816	127	510	848
#861	
[ - Sora - ]
98.52%	56,124	7,815	38	1,133	826
#862	
Bites
99.11%	23,713	7,814	153	652	410
#863	
yotampoco
99.02%	31,104	7,814	34	437	628
#864	
_iV_
98.74%	69,099	7,813	51	843	1,116
#865	
10 gosu
98.06%	31,848	7,813	26	290	834
#866	
revurii
98.60%	79,996	7,811	15	657	777
#867	
TheOmyNomy
99.42%	65,506	7,811	197	1,033	369
#868	
-Kurisu
97.83%	104,177	7,811	80	619	550
#869	
Jarvis
99.13%	82,179	7,810	111	994	850
#870	
froon
99.20%	86,060	7,809	78	4,385	2,525
#871	
dopedick donkle
98.59%	78,421	7,809	17	893	635
#872	
Maqua
99.29%	106,904	7,808	64	884	830
#873	
VXB
99.22%	94,993	7,806	131	892	766
#874	
Jimzzyyy
99.00%	79,049	7,806	213	1,485	1,174
#875	
Lulek
98.91%	67,874	7,804	43	1,126	1,194
#876	
Braixen
98.26%	44,264	7,803	116	766	849
#877	
TheBlueEight
97.79%	62,265	7,800	51	647	1,068
#878	
OskaRRRitoS
98.87%	34,206	7,798	177	1,200	650
#879	
Ranko Kanzaki
98.88%	118,759	7,797	189	2,090	1,267
#880	
Blazemon
98.88%	94,804	7,797	208	1,601	547
#881	
Potofu
99.56%	70,120	7,797	1,391	1,365	20
#882	
Yuuzinho
98.39%	82,558	7,796	115	757	620
#883	
Electovoid
99.40%	51,478	7,795	79	882	1,105
#884	
Disasterday
99.15%	36,853	7,794	204	1,418	883
#885	
Pidi
98.11%	105,208	7,794	29	501	711
#886	
waefwerf
98.63%	66,798	7,793	27	695	1,581
#887	
-Akky
97.71%	70,911	7,793	16	593	1,089
#888	
Rupertion
99.26%	34,064	7,792	47	528	523
#889	
Kamykazi
98.84%	113,963	7,792	28	871	847
#890	
VRainbow
98.91%	76,305	7,791	23	695	1,127
#891	
Lunedill
98.28%	152,718	7,786	105	802	520
#892	
love you
98.70%	62,567	7,785	93	975	920
#893	
minus
99.07%	91,849	7,785	83	898	1,038
#894	
13chlenix37
98.99%	33,605	7,784	29	395	594
#895	
Catalysis
99.18%	106,674	7,784	64	1,196	918
#896	
Grappoz
99.27%	35,726	7,784	38	453	311
#897	
XII
97.87%	77,247	7,784	194	1,409	1,590
#898	
Terra
98.46%	98,454	7,782	31	663	888
#899	
Hranolka
99.45%	101,614	7,781	2,370	1,226	493
#900	
xiAmME
99.40%	114,995	7,781	180	1,488	592
#901	
Meersu
98.32%	68,581	7,781	48	749	670
#902	
Coron
98.72%	120,560	7,780	55	971	829
#903	
Mya
98.12%	58,953	7,780	14	656	911
#904	
Ranker
98.72%	47,049	7,779	20	942	721
#905	
DvxNL
98.25%	60,715	7,778	80	1,275	1,758
#906	
Knalli
98.75%	35,903	7,776	89	1,029	1,098
#907	
prhtnsm
98.43%	51,580	7,774	43	889	628
#908	
EternalShadi
99.06%	33,305	7,772	57	690	638
#909	
Cthulhu
98.95%	122,159	7,772	99	2,163	754
#910	
Hanatan
98.86%	99,893	7,771	111	1,858	328
#911	
[Sony]
98.39%	40,102	7,770	187	1,406	707
#912	
-Rushi-
98.78%	42,426	7,769	93	1,443	850
#913	
Yufina
97.74%	66,236	7,767	352	1,956	1,080
#914	
Shield
98.89%	89,783	7,763	81	849	840
#915	
vitoco09
99.00%	32,318	7,762	60	392	385
#916	
TeePee
99.19%	66,993	7,762	50	517	668
#917	
taku
98.77%	48,214	7,761	204	3,183	1,087
#918	
zelda101
99.46%	111,456	7,761	1,501	2,194	1,055
#919	
hmrkhmrk
98.68%	73,921	7,760	128	1,665	656
#920	
Y4ong
99.20%	147,952	7,759	56	791	957
#921	
RedLeaf
98.92%	42,275	7,758	178	1,482	695
#922	
Another6_4
97.24%	134,767	7,756	29	1,295	744
#923	
Yuzuru
98.57%	170,382	7,756	267	1,106	143
#924	
Uzairr
99.04%	66,929	7,755	6	487	617
#925	
norbertosnt3
99.02%	75,891	7,753	42	914	737
#926	
haga1115
98.74%	47,757	7,752	63	561	897
#927	
ASecretBox
98.32%	62,372	7,749	17	288	296
#928	
Diulenomo
98.76%	58,583	7,749	147	1,259	762
#929	
Yuki-Desu
97.75%	114,279	7,744	22	597	642
#930	
Swiftaay
98.95%	39,269	7,744	94	892	444
#931	
serea
99.34%	205,220	7,742	1,065	2,040	117
#932	
r0beRT
98.86%	34,720	7,741	162	2,087	873
#933	
Chiu
99.35%	80,807	7,741	203	2,342	1,675
#934	
lndex
98.68%	69,223	7,741	82	1,206	682
#935	
NekoFunfo
99.05%	71,405	7,740	154	1,963	596
#936	
Purps
99.15%	43,532	7,739	46	315	565
#937	
My Angel Seni
99.41%	128,491	7,737	318	2,677	1,071
#938	
ChiSuki
98.28%	21,862	7,732	57	707	970
#939	
Vertarix
98.87%	44,352	7,732	25	743	521
#940	
DazzLE_Wind
98.96%	103,791	7,727	190	2,513	900
#941	
KevstracK
98.55%	65,769	7,723	72	791	785
#942	
My Angel Borja
97.32%	80,004	7,723	171	742	609
#943	
Enhu
99.10%	97,603	7,723	362	1,558	784
#944	
TheUnexpected6
98.86%	36,281	7,722	17	662	1,047
#945	
Raydric
99.21%	99,615	7,721	92	1,355	1,033
#946	
Reficul918
96.29%	48,222	7,720	10	693	686
#947	
-Shouta-Kun-
99.10%	63,125	7,719	132	990	757
#948	
Xoulium
98.68%	107,402	7,716	47	1,102	795
#949	
SolaEclipse
99.50%	49,904	7,715	123	526	424
#950	
Chaoslitz
99.88%	77,963	7,715	3,272	570	0
#951	
Tobirama Senju
97.65%	94,123	7,714	12	673	650
#952	
[Sebastian]
98.63%	37,021	7,714	124	709	603
#953	
[ Larssen ]
98.96%	68,624	7,712	37	864	603
#954	
001thefish
98.92%	97,686	7,712	222	1,171	744
#955	
404 AimNotFound
99.16%	55,201	7,708	131	823	1,517
#956	
Erick
98.99%	52,525	7,707	108	922	904
#957	
Vyshus
99.28%	80,947	7,707	42	782	976
#958	
callmebatya
98.74%	88,037	7,706	65	1,200	811
#959	
arth
99.18%	71,450	7,706	146	1,097	1,341
#960	
- Firmament -
98.31%	70,272	7,705	42	1,480	588
#961	
Zuness
99.27%	91,145	7,702	492	2,248	1,190
#962	
Quanteck
99.01%	136,266	7,701	106	1,164	1,347
#963	
koksu0123
98.85%	39,412	7,700	19	293	307
#964	
5231_Kinoko
99.45%	220,028	7,696	693	6,918	1,220
#965	
Ferelix
98.46%	43,103	7,695	9	563	643
#966	
Game
99.33%	101,824	7,695	190	1,941	1,065
#967	
wooz
99.41%	70,110	7,693	137	1,003	1,076
#968	
LittleDan
99.19%	43,133	7,692	33	432	163
#969	
Baim
99.23%	54,329	7,690	290	2,120	635
#970	
ShadowSoul
99.44%	155,018	7,687	1,163	4,463	1,122
#971	
overcomplexifii
99.21%	58,385	7,683	23	731	641
#972	
G4SH4
98.85%	83,911	7,683	234	1,306	953
#973	
Kagetsu
99.10%	96,860	7,679	54	779	372
#974	
-Trigger
98.87%	73,175	7,679	132	1,336	790
#975	
Daeuk
97.57%	60,442	7,678	8	298	425
#976	
MacSenpai
99.49%	44,582	7,677	32	992	779
#977	
ChronoNig
96.56%	90,818	7,674	20	979	662
#978	
Elzbieta
98.87%	64,031	7,674	90	781	855
#979	
Betbuc
99.43%	60,470	7,671	145	1,738	1,608
#980	
MURROX
98.15%	46,986	7,670	8	374	424
#981	
Kano
99.33%	84,468	7,670	342	1,137	1,968
#982	
umii
98.80%	35,683	7,669	33	1,167	571
#983	
My Rabbit Chino
98.87%	51,235	7,668	27	545	570
#984	
Shokobear
99.21%	82,824	7,667	86	1,232	643
#985	
K I N O
98.38%	45,039	7,667	4	245	655
#986	
Jordan The Bear
97.16%	42,641	7,665	4	415	498
#987	
OuO
99.02%	121,996	7,665	792	5,110	961
#988	
CaLiA Ruin
99.08%	84,313	7,665	60	1,454	799
#989	
Jugment
98.74%	102,573	7,664	45	1,201	1,260
#990	
Srayne
98.67%	116,835	7,663	227	1,858	1,694
#991	
dioguitar44
97.46%	84,928	7,663	35	1,662	986
#992	
step_201064
98.57%	75,418	7,662	20	802	1,054
#993	
Touch-Pad
99.06%	36,425	7,662	23	300	866
#994	
WalyNrk
98.26%	27,627	7,662	58	402	281
#995	
davidqu2
98.55%	77,158	7,661	31	1,368	1,124
#996	
HulbeH
99.11%	117,544	7,660	21	564	1,221
#997	
TCN
99.47%	142,303	7,660	1,507	1,277	2,017
#998	
NyaNekoMiau
99.26%	62,316	7,660	177	1,388	693
#999	
PantyStick
98.04%	49,449	7,659	1,696	3,303	82
#1000	
katatakatata
99.16%	61,414	7,659	95	831	497
#1001	
Warbreon
98.38%	74,620	7,658	180	525	441
#1002	
_YuriNee
98.90%	77,295	7,658	211	2,230	1,287
#1003	
Sancho
98.63%	51,527	7,657	88	873	703
#1004	
YuyuKo sama
99.46%	127,905	7,656	2,026	2,183	972
#1005	
Astrafe
98.65%	38,119	7,655	27	704	765
#1006	
Antynum
98.54%	80,194	7,655	22	867	689
#1007	
Xytox
98.95%	86,586	7,654	276	2,272	750
#1008	
Xenbo
98.41%	72,007	7,654	94	517	210
#1009	
JappyBabes
99.24%	132,830	7,654	110	1,683	892
#1010	
meltz
98.65%	120,781	7,653	16	433	384
#1011	
zaqlev
99.17%	121,264	7,652	43	364	1,216
#1012	
Villdjack
98.89%	79,017	7,651	133	2,300	1,507
#1013	
hvick810
99.28%	154,929	7,651	177	2,082	1,402
#1014	
Cerillion
98.11%	133,817	7,650	33	884	613
#1015	
- BLiTz -
99.02%	129,020	7,649	61	1,372	720
#1016	
My Angel Kaoura
98.86%	51,754	7,649	51	855	1,301
#1017	
Kujinn
97.32%	87,363	7,649	16	643	679
#1018	
nicogame14
99.22%	52,870	7,648	68	1,196	786
#1019	
NkdYoYo98
98.54%	2,223	7,647	6	53	80
#1020	
Nitro
99.53%	157,650	7,646	396	2,080	922
#1021	
Sancient
99.00%	48,008	7,644	63	977	797
#1022	
vaporlol
99.11%	55,804	7,644	39	463	451
#1023	
Hijikata
99.35%	190,377	7,643	515	3,892	1,348
#1024	
HazzardFreak
98.91%	65,142	7,642	301	2,973	769
#1025	
-cr1mmy-
99.15%	315,756	7,642	1,968	5,657	1,277
#1026	
Shelter
95.11%	62,789	7,637	104	698	337
#1027	
Colors
98.65%	57,578	7,637	22	516	534
#1028	
rosshi
99.47%	63,716	7,633	664	1,450	312
#1029	
helix
99.42%	105,920	7,632	1,044	1,557	914
#1030	
Wind God Girl
98.78%	43,551	7,631	62	459	581
#1031	
Genny
99.41%	78,015	7,631	77	715	492
#1032	
explosionboom
99.24%	48,522	7,628	66	662	644
#1033	
[ Pustules ]
98.76%	70,281	7,628	109	902	529
#1034	
Maozis
99.40%	71,297	7,627	749	1,503	21
#1035	
Hot Korean Girl
98.59%	46,338	7,627	8	196	350
#1036	
mugio3
99.76%	107,501	7,626	1,178	983	34
#1037	
DeleteNumber
98.81%	59,268	7,624	68	713	517
#1038	
Zallopomo
99.14%	45,112	7,623	28	620	1,286
#1039	
ZachiZombie
98.76%	56,399	7,623	40	1,341	509
#1040	
Yuusuke
98.87%	137,667	7,622	153	855	1,260
#1041	
brain damage
98.96%	78,019	7,621	33	495	573
#1042	
JohnyZ
99.20%	56,886	7,621	125	1,699	877
#1043	
[ baka 3b ]
98.86%	77,936	7,620	37	2,093	1,469
#1044	
[-Koke-]
98.15%	38,578	7,620	14	455	352
#1045	
Arthior
99.27%	122,909	7,619	81	828	410
#1046	
Neab
99.09%	131,222	7,619	963	4,731	1,221
#1047	
GuessWho
98.27%	56,809	7,618	84	829	515
#1048	
Liya
98.91%	31,543	7,617	158	1,776	907
#1049	
byfar
96.93%	50,887	7,617	7	428	700
#1050	
mizuki0133
98.03%	7,652	7,616	30	200	70
#951	
Enhu
99.11%	97,784	7,738	362	1,560	792
#952	
Jordan The Bear
97.20%	43,053	7,734	5	416	505
#953	
KingLizardYT
97.85%	73,368	7,733	16	724	1,015
#954	
ChiSuki
98.28%	21,862	7,732	57	707	970
#955	
-Shouta-Kun-
99.10%	63,536	7,729	134	998	765
#956	
DazzLE_Wind
98.96%	104,013	7,729	191	2,516	905
#957	
TheUnexpected6
98.87%	36,622	7,728	17	668	1,049
#958	
[-Koke-]
98.17%	39,199	7,727	14	462	355
#959	
meltz
98.68%	121,904	7,727	16	438	388
#960	
My Angel Borja
97.30%	80,291	7,725	171	742	612
#961	
KevstracK
98.55%	65,779	7,723	72	791	785
#962	
Raydric
99.21%	99,658	7,721	92	1,358	1,036
#963	
Reficul918
96.29%	48,255	7,720	10	693	686
#964	
[ Larssen ]
98.96%	69,285	7,719	37	869	602
#965	
davidqu2
98.59%	77,402	7,716	31	1,377	1,131
#966	
Xoulium
98.68%	107,402	7,716	47	1,102	795
#967	
SolaEclipse
99.50%	50,294	7,716	123	527	428
#968	
Chaoslitz
99.88%	77,965	7,715	3,272	571	0
#969	
JTttk
98.36%	55,889	7,714	58	732	1,147
#970	
Tobirama Senju
97.65%	94,145	7,714	13	672	650
#971	
[Sebastian]
98.63%	37,313	7,714	124	714	601
#972	
001thefish
98.92%	97,896	7,713	223	1,177	745
#973	
overcomplexifii
99.23%	58,698	7,711	24	733	649
#974	
gtfo
99.10%	66,147	7,710	509	3,404	857
#975	
Erick
99.00%	52,723	7,708	109	928	919
#976	
G4SH4
98.88%	84,551	7,708	238	1,323	968
#977	
LittleDan
99.19%	43,577	7,708	33	438	162
#978	
arth
99.18%	71,953	7,707	146	1,107	1,350
#979	
callmebatya
98.74%	88,052	7,706	66	1,200	811
#980	
- Firmament -
98.31%	70,272	7,705	42	1,480	588
#981	
HulbeH
99.11%	118,304	7,704	21	566	1,222
#982	
Zuness
99.27%	91,554	7,702	492	2,256	1,195
#983	
Quanteck
99.01%	136,517	7,701	106	1,164	1,347
#984	
wooz
99.41%	70,688	7,701	138	1,006	1,086
#985	
koksu0123
98.85%	39,669	7,700	19	293	309
#986	
5231_Kinoko
99.45%	220,028	7,696	693	6,918	1,220
#987	
Game
99.33%	102,324	7,695	192	1,947	1,071
#988	
TopSp1n
98.18%	64,736	7,695	282	784	965
#989	
Ferelix
98.46%	43,143	7,695	9	563	643
#990	
L1NKED
98.89%	91,597	7,693	115	1,589	1,239
#991	
Pengrio
98.91%	53,212	7,692	23	523	983
#992	
Jugment
98.75%	103,007	7,692	45	1,202	1,261
#993	
Baim
99.23%	54,380	7,690	290	2,121	635
#994	
Kagetsu
99.13%	97,155	7,688	55	779	372
#995	
_shinji
98.77%	72,442	7,687	76	757	642
#996	
ShadowSoul
99.44%	155,018	7,687	1,163	4,463	1,122
#997	
zaqlev
99.20%	122,357	7,686	43	369	1,221
#998	
Astrafe
98.69%	38,511	7,685	27	713	781
#999	
Kano
99.33%	84,845	7,683	346	1,142	1,984
#1000	
-Trigger
98.85%	73,307	7,683	132	1,337	793