Rafis	1	12605	99.01	192177 	161	1,544	697
Cookiezi	2	12525	98.97	7714 	41	265	202
AngeLMegumin	3	12221	99.01	115036 	144	1,256	603
hvick225	4	12118	99.11	133766 	824	3,452	676
Vaxei	5	10917	98.00	75178 	31	448	443
_index	6	10799	98.98	51964 	422	1,419	439
filsdelama	7	10781	98.69	101294 	182	1,359	543
Spare	8	10706	99.18	35621 	202	806	523
-Zirba-	9	10654	98.83	78576 	40	827	805
Axarious	10	10608	97.24	61537 	35	847	457
Recia	11	10532	98.93	94879 	637	2,551	150
Mizuru	12	10321	99.10	73162 	79	848	839
My_Aim_Sucks	13	10194	99.41	90715 	314	1,419	756
Wilchq	14	10164	99.25	70499 	1,039	3,062	223
Xilver	15	10092	99.53	181017 	143	1,298	651
WubWoofWolf	16	10075	99.40	193190 	6,725	7,359	1,047
HappyStick	17	10005	97.94	146920 	123	1,941	409
kuu01	18	10001	98.41	103738 	44	1,100	1,385
Dustice	19	10000	98.72	79063 	108	2,126	1,273
Sanze	20	9927	99.22	137959 	56	1,219	862
CXu	21	9894	99.18	96523 	845	3,444	91
Reimu-Desu	22	9882	99.31	99051 	247	1,711	519
Gayzmcgee	23	9857	99.15	68775 	25	551	662
Vettel	24	9853	98.99	205454 	300	1,949	1,047
Rohulk	25	9816	99.36	27675 	21	1,285	1,492
DoKito	26	9763	99.33	62617 	101	1,735	1,287
talala	27	9738	98.73	171997 	127	2,223	1,398
Astar	28	9704	98.90	111149 	123	1,766	1,147
Elysion	29	9554	98.28	87653 	34	756	1,262
[Toy]	30	9550	99.25	147430 	2,238	2,486	551
Beafowl	31	9511	99.50	85681 	273	761	225
-T_A_R_U_L_A_S-	32	9498	98.96	73940 	49	976	473
Rucker	33	9491	99.41	162953 	3,383	4,183	623
Tokichii	34	9438	98.02	109496 	232	3,276	685
Musty	35	9387	98.86	90023 	101	1,568	1,195
Azer	36	9383	99.12	67393 	165	887	618
[_Emillia_]	37	9383	96.01	56841 	28	788	712
DenierNezzar	38	9374	98.64	115280 	92	1,972	1,162
DanyL	39	9323	97.81	67381 	78	708	238
bahamete	40	9306	98.74	93086 	157	976	445
kune259	41	9284	97.69	79103 	14	633	735
Dsan	42	9253	99.26	127241 	622	3,354	587
NerO	43	9234	97.89	106652 	150	1,512	688
Neliel	44	9222	98.91	105979 	30	1,325	574
Leaf	45	9217	99.10	63713 	224	3,053	548
rustbell	46	9167	98.46	59038 	123	2,010	819
Kynan	47	9161	98.63	162847 	74	1,760	1,516
Fenrir	48	9159	99.37	77266 	124	1,804	401
r0ck	49	9152	98.97	100265 	238	2,426	685
Mlaw22	50	9143	99.09	76909 	179	2,536	1,118
aleho8	51	9132	98.11	35405 	14	592	640
Mayoler	52	9129	98.83	100692 	153	2,040	667
isokasapupuja	53	9115	99.05	125517 	145	1,491	934
DudsonZ	54	9113	99.03	91694 	83	966	528
Emperorpenguin83	55	9085	99.18	107942 	193	2,359	975
Mathi	56	9061	99.04	68068 	24	472	481
oxycodone	57	9056	97.65	188887 	62	1,185	1,035
Runa	58	9043	99.04	44202 	236	831	630
DenObscure	59	9037	98.59	101052 	135	1,907	962
SilveRain	60	9034	98.56	91136 	670	1,719	603
zeluaR	61	9028	99.17	141419 	472	2,256	96
AmaiHachimitsu	62	9013	98.86	192730 	82	1,583	502
Meltina	63	9013	99.12	98293 	157	1,782	704
Gokuri	64	8996	99.06	100755 	188	1,506	1,020
harunaruna	65	8973	98.56	112012 	133	1,240	626
[HALLO]	66	8925	99.44	80896 	72	918	681
Smoothie_World	67	8920	98.84	69237 	94	773	1,287
-HERO-	68	8911	98.86	147306 	136	795	656
MetoA	69	8906	98.67	59164 	90	976	696
ArtxE	70	8900	98.01	121849 	28	1,399	869
Yellow	71	8897	98.80	85101 	74	978	442
-MoeYandere-	72	8894	98.40	85735 	17	1,158	649
FunOrange	73	8869	99.18	63988 	140	945	726
Fedora_Goose	74	8857	98.41	121492 	58	1,187	588
Loli_Silica	75	8853	98.40	84348 	212	2,791	787
Mayoi_Hachikuji	76	8838	98.72	129946 	78	1,201	1,128
MouseEasy	77	8832	98.58	101319 	216	1,293	938
imagaK	78	8809	98.73	92236 	233	2,215	833
Pittigbaasje	79	8801	99.08	57720 	77	1,073	457
Yakisoba_Pan	80	8787	98.96	143476 	430	1,433	929
Ritzeh	81	8780	98.85	77999 	91	1,533	652
Spook	82	8774	98.24	82369 	102	905	986
Bubbleman	83	8764	98.80	55647 	60	575	915
Yazone	84	8757	99.12	77381 	145	1,256	871
Splinter572	85	8753	98.88	172949 	668	1,626	651
Seouless	86	8752	98.70	134001 	56	1,323	716
Satoruu	87	8734	99.41	47613 	267	1,134	592
Kaoru	88	8734	99.26	138953 	271	3,593	2,415
AtHeoN	89	8732	98.98	110271 	81	1,590	627
sayonara-bye	90	8731	98.82	107260 	179	2,238	699
BDDav	91	8729	99.37	109582 	406	1,591	277
FlowR	92	8728	99.22	114097 	110	1,062	713
-Konpaku-	93	8717	98.90	66634 	60	906	820
jackylam5	94	8712	98.40	93105 	126	1,876	700
hshs	95	8695	99.09	128092 	209	1,958	822
waaiiru	96	8684	98.30	123440 	87	1,237	1,103
Doomsday	97	8681	98.28	242848 	891	6,224	1,080
pyon	98	8668	98.67	90990 	246	1,848	690
My_Aim_Trash	99	8664	99.34	145690 	197	1,531	1,482
Broodich	100	8662	99.05	166983 	430	2,422	1,730
uyghti	101	8659	98.81	110528 	99	811	792
Shelbis	102	8657	98.69	56412 	34	654	655
Firstus	103	8651	98.85	62248 	140	2,046	1,087
Akiko-	104	8640	97.82	109518 	162	2,047	419
Plz_Enjoy_Game	105	8639	97.83	76704 	289	2,644	1,899
Reifos	106	8632	99.49	63818 	267	1,069	154
Touchette	107	8630	98.07	57676 	43	1,014	472
Sooki	108	8624	98.43	110627 	22	957	1,036
Red_Pixel	109	8618	99.06	69068 	30	532	556
SoMad	110	8613	98.84	86107 	39	1,468	1,325
eoehd1ek	111	8608	97.95	66422 	251	1,841	446
-_Phantasma_-	112	8602	98.15	70866 	134	1,341	916
OhAHO	113	8577	98.67	159607 	199	1,582	1,285
fabriciorby	114	8576	98.94	84906 	696	1,303	65
Sheba	115	8572	99.22	103410 	1,391	1,662	0
ThePooN	116	8560	98.39	60324 	36	562	414
cmnk	117	8555	98.77	72366 	99	906	805
Identical	118	8553	99.40	49275 	105	697	513
Qu1z	119	8548	97.73	60356 	34	531	794
Aireu	120	8529	98.54	103648 	375	1,545	375
Neta	121	8524	99.04	85744 	237	2,951	188
MarthXT	122	8524	98.21	92275 	320	1,646	1,167
Alumetorz	123	8521	99.30	89173 	89	1,127	502
Mira-san	124	8519	98.46	64925 	154	950	203
Sinch	125	8517	98.79	94356 	540	3,756	632
[_DANIEZ_]	126	8513	98.34	117682 	205	2,411	542
Small_K	127	8497	98.67	109563 	267	3,675	638
MrPotato	128	8490	99.07	110877 	117	1,288	812
Saimonea	129	8475	98.89	55528 	158	521	148
Lexalia	130	8475	98.64	61997 	99	1,028	525
W3SON	131	8469	98.89	42570 	120	1,540	928
Hyppyri	132	8467	98.87	100174 	75	972	1,213
Piggey	133	8458	98.87	88508 	82	1,297	513
ExLeaF	134	8454	98.35	67132 	52	640	529
-_G_I_D_Z_-	135	8450	98.47	118813 	151	1,704	730
Clarity	136	8445	98.93	72773 	238	1,213	275
Myst1k	137	8445	98.96	71448 	88	1,056	815
Cinia_Pacifica	138	8444	98.38	53357 	60	1,368	430
Cien	139	8444	98.58	106345 	271	2,673	432
OsunMoM-	140	8443	98.89	63429 	125	1,173	492
Twintail	141	8441	99.20	88815 	2,047	1,076	79
Enon	142	8428	99.20	94840 	162	1,680	918
Tosino_Kyoko	143	8424	98.81	53397 	177	1,403	581
Effole	144	8411	98.35	40858 	24	499	441
Dunois	145	8401	99.18	78227 	125	1,117	930
Arcadeas	146	8401	99.25	78059 	35	660	714
Puffydaddy	147	8401	99.13	66195 	24	706	1,215
TheKid217	148	8396	99.46	73762 	454	1,130	796
Castiel	149	8395	98.88	46362 	180	2,283	865
cptnXn	150	8373	99.19	98582 	97	1,138	562
thelewa	151	8358	99.37	166612 	902	3,837	838
My_Not	152	8344	98.48	111295 	136	2,400	1,423
Emula	153	8333	98.87	83286 	103	1,800	537
La_Valse	154	8327	98.54	43928 	345	4,154	453
scuoa	155	8325	99.28	59856 	155	1,533	867
[ZN]	156	8324	98.71	134954 	44	1,197	1,078
xElectroGH	157	8318	98.87	57941 	105	772	639
[_Jewel_Yuki_]	158	8318	97.66	67209 	35	730	774
karalis	159	8314	98.44	66528 	42	922	696
Anzu_Takakura	160	8303	98.99	73564 	14	358	476
SpringLane	161	8294	98.37	65728 	65	2,296	633
Sequence	162	8291	96.34	49021 	43	984	380
-Zelos-	163	8288	98.89	75377 	189	1,527	997
[TAKA]	164	8286	99.11	64213 	94	1,424	584
MiruHong	165	8285	99.16	102294 	252	699	361
Auji	166	8283	98.12	80225 	15	838	821
Flaven	167	8279	99.41	100034 	100	799	793
ReaL_motion	168	8270	99.24	112279 	94	1,698	993
KevEz	169	8265	98.90	65437 	12	684	402
Natalia	170	8259	99.03	36476 	124	1,180	987
CookieNia	171	8258	97.49	70002 	73	906	704
Monko2k	172	8252	98.77	35885 	45	798	973
ithgyu	173	8248	99.20	46557 	28	783	928
Far_Q	174	8246	98.71	119916 	46	1,548	770
Toushi	175	8242	99.10	72457 	48	840	774
fieryrage	176	8239	98.19	37896 	49	878	574
Sebu	177	8233	98.51	124226 	17	829	655
yellowy246	178	8227	98.84	74377 	137	816	660
-GN	179	8217	97.35	102381 	107	1,058	605
-SoMoE-	180	8209	98.42	88834 	37	708	265
FriendoFox	181	8208	99.11	79316 	113	817	776
Constelletion	182	8208	98.83	141145 	80	1,237	926
Astana	183	8206	98.96	66789 	14	595	484
Shirone	184	8199	98.82	79466 	104	1,102	498
Kuronora	185	8197	98.78	109885 	108	1,536	766
-Kazuki-	186	8196	99.08	104798 	471	1,378	912
xsrsbsns	187	8196	99.11	77402 	1,788	3,061	290
[_Zane_]	188	8185	97.80	100170 	89	1,696	801
Crystal-	189	8179	98.13	61109 	240	2,157	918
Bauxe	190	8164	98.45	76015 	145	2,395	803
Mercurius	191	8162	99.34	195664 	1,507	4,727	456
Koni_Kinmo	192	8160	98.73	40113 	52	963	1,112
Cerkie	193	8152	99.16	114340 	301	1,178	896
GSBlank	194	8143	98.76	82605 	39	2,015	1,349
w1sp	195	8141	97.67	16671 	15	382	450
a_loli	196	8140	98.81	93147 	9	715	492
B_e_N_i	197	8138	99.15	153996 	508	2,346	742
Elscar	198	8135	99.45	93217 	420	1,139	218
uvrv	199	8134	98.60	60719 	52	1,154	498
Saizu	200	8132	99.11	79678 	33	908	1,010
Azerite	201	8116	98.75	40224 	21	274	586
GGBY	202	8112	98.62	176650 	1,483	12,267	192
legekka	203	8107	98.97	47966 	135	708	679
Mizarr	204	8103	96.96	55555 	59	710	483
moca	205	8099	99.00	30508 	223	1,205	389
Zodiaack	206	8089	98.96	79556 	121	2,345	1,673
[Chiyo]	207	8088	97.79	78694 	207	1,508	675
Chidori	208	8079	99.45	32794 	97	482	221
TaNaBaTa	209	8078	98.83	103398 	182	1,717	1,314
renoxz	210	8077	99.37	80222 	83	698	1,064
WORSTPOLACKEU	211	8076	98.36	62797 	27	675	611
Amamiya	212	8071	99.22	60280 	346	1,076	435
Dumii	213	8069	97.42	84806 	61	927	1,299
Avenging_Goose	214	8068	98.98	39258 	42	501	440
Yuiteru	215	8068	98.47	79810 	47	753	369
Ceptin	216	8067	97.20	54378 	33	408	565
yuilemo	217	8064	98.94	24301 	58	773	490
Maffe	218	8052	99.03	47090 	79	889	833
Resia	219	8037	97.07	67227 	43	1,379	697
-Archangel-	220	8036	98.30	90568 	174	1,857	1,026
Broccoly	221	8031	97.97	76280 	25	1,099	848
koki	222	8029	97.86	94027 	72	911	785
Tetla	223	8028	98.81	108965 	545	1,175	239
ChronoTrig	224	8026	98.54	113820 	112	1,256	702
Zekker	225	8010	98.95	34893 	292	207	229
Chewin	226	8007	99.11	145073 	424	5,815	850
Moose	227	8004	98.63	42318 	2	275	339
Shounen_X	228	8001	98.77	12548 	39	443	335
Aphromoo	229	8000	98.93	51200 	146	1,373	1,103
Stoof	230	8000	99.04	52066 	63	662	910
Guy	231	7996	99.28	143932 	1,521	3,258	836
Dalis	232	7986	98.31	134682 	58	1,342	1,077
-_Angel_Dust_-	233	7983	98.84	92205 	185	2,337	556
Regnall	234	7982	99.41	107432 	405	2,065	629
Slizzer	235	7978	98.87	74776 	102	1,902	1,159
Jameslike	236	7959	98.81	45205 	63	990	456
Sakke	237	7956	98.44	53660 	13	287	179
Urania	238	7955	98.93	76518 	27	573	644
wobeinimacao	239	7947	98.88	160811 	93	3,757	295
Risiing	240	7940	99.28	70031 	106	838	405
Toke	241	7936	99.08	246767 	79	1,317	1,362
momotayan	242	7935	98.87	34794 	190	1,499	373
Apraxia	243	7934	98.95	73951 	73	604	1,010
gejutel	244	7934	98.39	97185 	29	611	551
oohily	245	7933	98.77	76124 	99	2,889	951
Jesus[Krists]	246	7932	98.65	67950 	31	758	564
Karthy	247	7924	98.65	45865 	60	841	1,289
SpajdeR	248	7924	99.11	96316 	172	1,399	458
Yuria	249	7922	99.37	104952 	2,190	1,538	982
Tiger_Claw	250	7921	98.02	99749 	36	865	981
Bowlglet	251	7920	98.75	62140 	47	754	517
younited	252	7917	99.29	35230 	39	611	235
Woffel	253	7910	99.43	64722 	82	480	1,148
Mrotaku	254	7904	98.99	57218 	57	894	504
kawaine	255	7898	98.08	51985 	7	228	321
Rekaru	256	7897	99.44	68525 	203	1,074	621
Jonimay	257	7892	98.27	107235 	88	1,332	1,156
Alieen	258	7892	98.74	66413 	7	517	512
Adamqs	259	7891	98.58	100672 	119	1,287	680
Nakano-	260	7889	98.98	138603 	594	2,872	134
Zinkon	261	7889	99.01	53968 	96	1,788	2,064
Pray	262	7884	94.93	82981 	15	1,833	578
[Lunatic_Bell]	263	7883	98.45	106133 	20	931	411
mniminwoo	264	7881	99.02	92967 	87	991	962
Warrock	265	7880	99.12	75548 	186	1,242	1,158
Kyle	266	7876	98.54	88730 	8	785	905
Satella	267	7873	99.26	138288 	81	406	350
Veth	268	7872	99.35	68582 	114	572	554
Mafham	269	7870	98.27	48838 	108	709	345
eLy	270	7857	98.74	173206 	222	3,791	1,603
Aden	271	7857	98.50	75408 	25	842	867
FrostxE	272	7854	99.01	109610 	658	4,017	624
Koba	273	7845	99.44	137204 	243	919	751
MeiMei	274	7842	98.54	29359 	11	359	274
Xbox	275	7839	99.15	89450 	140	1,747	819
Desired	276	7838	99.09	32964 	32	755	421
Riven	277	7834	99.20	124488 	57	870	808
Worne	278	7822	99.34	125863 	944	2,844	308
Dungeon	279	7821	98.79	147974 	212	2,461	500
-Marika	280	7811	98.89	100911 	105	1,481	972
Kafuu_Chino	281	7809	99.02	75231 	45	822	415
Univer_Page	282	7806	97.82	31244 	91	546	454
mrspazzaneve17	283	7804	98.97	46796 	235	1,074	537
Kyoko	284	7802	98.94	73929 	227	524	418
nycto	285	7799	98.32	112222 	30	832	846
Ashtar	286	7799	99.03	63360 	99	1,718	185
moguosu	287	7798	96.56	27324 	29	643	558
Sakurai_MomokaP	288	7788	98.57	71467 	238	2,181	966
DJ_Fuduji	289	7786	96.20	77327 	23	1,190	420
-_Tea_-	290	7783	96.93	92143 	15	395	650
Zavarka	291	7781	98.67	100500 	380	1,404	785
Toshinou_Kyouko	292	7780	98.43	64625 	136	2,307	616
Van_Darkholme	293	7779	98.75	68924 	69	1,165	715
Dzui	294	7778	98.97	18640 	216	641	275
saikurondark	295	7775	98.83	65667 	8	355	265
NuHaru	296	7774	97.51	34419 	16	928	651
Shiawase	297	7773	98.86	94662 	232	3,329	1,186
Hanatan	298	7771	98.86	99891 	111	1,858	328
Potofu	299	7766	99.56	68901 	1,377	1,338	21
[_G_h_o_s_t_]	300	7760	98.75	52767 	117	1,195	1,126
Myko	301	7755	98.82	37540 	15	421	520
Another6_4	302	7755	97.24	133858 	29	1,292	732
Lolisim	303	7753	99.37	63876 	191	928	440
Koalazy	304	7753	96.42	99858 	329	2,396	415
Yacos	305	7743	98.05	82670 	18	782	1,614
fartownik	306	7738	98.95	234847 	121	2,288	1,040
window_99	307	7735	99.46	10539 	22	167	413
schlafen	308	7734	99.07	123139 	321	1,562	851
ebc123	309	7729	98.61	134084 	38	1,042	866
Danidesu	310	7728	98.53	48901 	29	419	655
Rizer	311	7724	99.34	59297 	933	2,397	367
little_Agile	312	7724	99.41	79685 	703	2,947	665
quickly_die	313	7713	99.39	74516 	142	1,458	963
[_AeonLust_]	314	7711	99.13	58494 	79	1,705	831
lndex	315	7710	98.71	67678 	80	1,175	598
-_Aoba_-	316	7710	98.13	16886 	35	302	161
rafalbrew	317	7706	98.97	57168 	34	917	653
Komaa	318	7700	98.37	89449 	201	636	98
FllareA	319	7695	98.60	91056 	21	1,119	967
shortpotato	320	7690	99.11	36827 	137	1,187	711
QonQuest	321	7685	99.09	101542 	160	2,284	893
callmebatya	322	7676	98.80	83572 	64	1,168	706
ToLove	323	7673	98.89	45746 	111	705	356
TobiGH3	324	7669	98.33	43022 	29	693	467
Prograf	325	7664	98.67	50254 	115	1,054	686
Commy	326	7663	98.95	84801 	341	1,233	177
diciestaking	327	7662	99.06	50367 	65	1,113	593
Sablestars	328	7655	99.46	57422 	37	746	347
5231_Kinoko	329	7653	99.42	217932 	684	6,879	1,218
HenBurgaaa	330	7651	99.37	51522 	1,264	1,491	440
PeteX	331	7650	98.25	88660 	120	1,765	998
OuO	332	7649	99.05	118554 	783	4,995	864
Prosternick	333	7648	98.93	69625 	208	1,225	1,399
Xytox	334	7643	98.96	83317 	266	2,208	651
Rampax	335	7638	97.90	100043 	11	639	1,159
Zog	336	7635	99.13	87678 	95	861	782
Rekia	337	7634	98.19	41875 	14	522	384
ffury	338	7633	99.26	62421 	385	1,167	464
NNAisle	339	7633	99.09	39981 	23	395	574
-cr1mmy-	340	7631	99.15	300003 	1,912	5,515	1,086
Ruchika	341	7631	99.33	137374 	729	2,060	903
unberlin	342	7631	98.94	103273 	38	946	1,158
Sam	343	7628	97.80	92069 	41	805	537
Afrodafro	344	7625	98.97	59515 	49	470	508
mugio3	345	7624	99.76	106871 	1,172	972	25
Blackskyline	346	7618	98.45	39681 	21	739	647
-Kupo-	347	7618	98.04	44672 	59	959	995
Chronomarly	348	7617	99.20	61746 	170	511	190
My_Angel_Kaoura	349	7616	98.87	49768 	45	841	1,197
MatsumotoRise	350	7616	98.86	45907 	83	1,520	962
WhiteCat	351	7615	98.49	42476 	38	399	219
xiAmME	352	7615	99.37	107926 	171	1,407	545
Tonarinototoro	353	7613	98.87	103866 	56	1,494	1,233
No01	354	7610	98.24	132110 	168	1,710	876
Nitro	355	7609	99.51	155978 	366	2,036	879
JappyBabes	356	7609	99.30	123891 	106	1,588	703
Ignite	357	7599	98.97	98168 	144	1,028	814
mmaasslloo	358	7597	99.14	88613 	95	1,026	712
Haynoru	359	7595	99.14	101863 	65	2,594	1,481
muchy	360	7595	99.35	67552 	128	1,705	739
Banana-	361	7595	98.74	50336 	85	600	454
Mayzel	362	7592	99.25	153957 	560	3,523	804
Draq	363	7589	98.50	48354 	93	1,155	445
AntoN	364	7589	99.13	90353 	154	1,559	1,954
Nakocchi	365	7586	98.67	48815 	301	1,542	1,129
Hydra	366	7583	98.71	45480 	45	1,577	556
My_Angel_Albedo	367	7582	98.70	78653 	502	3,643	1,100
wavezz	368	7582	99.03	60775 	247	1,397	607
kaminogi	369	7581	98.39	36244 	53	862	527
UoooooN	370	7579	98.82	51213 	138	1,023	850
serea	371	7578	99.44	195911 	1,056	2,022	109
Doma_Umaru	372	7574	98.31	108568 	82	2,249	890
Andrew	373	7573	99.50	124436 	1,472	2,547	864
Keen	374	7572	99.34	32602 	80	650	248
Oxia	375	7568	99.09	67767 	153	1,775	1,524
Konomi	376	7567	99.31	50399 	62	208	261
Kalvin	377	7565	98.29	84177 	61	288	513
punikidesu-	378	7564	99.07	104170 	415	1,788	421
wlkkk	379	7560	98.73	86638 	48	779	613
Akcel	380	7559	98.88	64151 	41	644	366
benjacala	381	7559	99.06	121288 	87	1,700	969
Liya	382	7558	99.01	31156 	152	1,749	866
Silleth	383	7558	99.26	103038 	127	1,707	677
Fataliis	384	7557	99.29	68835 	108	918	570
-Lucy-	385	7556	98.72	46309 	77	1,332	649
Kardet	386	7554	98.77	74841 	159	1,813	1,089
Akane-Yuki	387	7554	98.52	39250 	69	860	459
Y_o_u_Y_o_u	388	7553	99.20	66134 	66	615	731
Shockwave000	389	7550	98.89	131573 	361	4,820	1,161
FayeurS	390	7549	99.49	63643 	523	1,982	216
IasiS	391	7547	98.69	138083 	110	2,081	491
VINXIS	392	7544	98.66	62541 	29	800	975
N_a_n_o	393	7538	99.28	135374 	746	4,654	191
Haganenno	394	7534	99.36	61432 	125	641	569
[C_u_r_i]	395	7533	98.85	52261 	118	868	544
GHAngeloid	396	7530	99.17	111139 	122	1,884	706
XII	397	7527	97.45	76313 	194	1,395	1,571
Celis	398	7527	99.11	142214 	259	1,551	793
zxxzxxz	399	7524	98.81	65912 	74	1,359	625
Tengu	400	7515	98.69	66302 	161	1,764	1,068
Icyteru	401	7512	99.13	80185 	36	1,020	711
Menthuthuyoupi	402	7511	99.40	52368 	69	842	780
sk0	403	7509	99.41	41318 	75	621	631
-raizen-	404	7509	98.82	91044 	17	752	622
Henarca	405	7503	98.76	23941 	809	1,426	628
Teriyaki	406	7501	99.26	101016 	588	2,355	976
Kulezi	407	7493	99.25	114736 	78	643	677
Watsaiye	408	7492	98.22	112191 	23	497	502
Happy_New_Year	409	7488	99.18	58520 	466	1,462	156
Nelissa	410	7486	99.31	70179 	79	1,428	791
Cnya	411	7485	98.79	93812 	64	2,889	720
Ciao	412	7485	98.72	89692 	96	1,117	674
follon	413	7484	98.96	66307 	232	664	543
Num	414	7480	98.38	71343 	43	618	667
4mpy	415	7480	99.44	84979 	98	750	615
SiNon	416	7477	96.97	80410 	103	576	705
hyheleh	417	7474	98.56	71501 	52	1,506	930
kafaN	418	7473	99.34	128578 	2,104	1,211	136
smh	419	7472	98.89	10655 	25	216	144
Naxurin	420	7467	99.54	104249 	270	1,040	1,004
Megure	421	7465	99.39	96846 	315	2,189	1,029
Super_Arrow	422	7459	97.15	73341 	25	1,277	890
DT-sama	423	7458	98.72	149871 	42	1,297	1,571
Wario	424	7457	99.03	58793 	135	716	1,126
-peachtea-	425	7456	97.83	69273 	66	959	480
Chaoslitz	426	7455	99.84	62093 	2,064	505	6
lahphnya	427	7453	98.39	65817 	38	767	817
ruexia	428	7449	97.70	77671 	6	392	414
Fangzy	429	7446	99.25	66667 	280	1,763	836
SteRRuM	430	7444	99.18	60425 	137	654	625
AngeLDarkness	431	7444	99.46	114524 	696	1,373	529
[NEX]	432	7436	99.39	87340 	171	2,005	749
Venyera	433	7435	98.69	19533 	32	291	458
Pumbossable	434	7430	98.59	90443 	42	958	612
ClawViper	435	7430	99.02	49321 	167	2,058	182
Imamoto	436	7430	99.24	66637 	771	2,738	1,109
Sheeaper	437	7429	98.83	59763 	20	464	499
Venrue	438	7429	97.72	55631 	13	241	552
Mya	439	7427	98.77	47812 	14	611	657
hlx_groden	440	7423	99.11	55755 	82	794	386
[_ZhengS_]	441	7422	97.67	110478 	34	873	643
chugleader	442	7422	97.18	115198 	106	962	693
kjuszino	443	7419	98.27	110516 	21	560	598
Golden-Lin	444	7417	99.32	145805 	991	3,710	1,400
gasanww	445	7416	99.63	173859 	877	3,509	148
VXB	446	7414	99.23	82394 	118	825	652
erictran0	447	7413	98.81	34260 	77	1,035	742
idke	448	7413	97.43	29579 	8	296	269
AYhaz	449	7412	98.56	92407 	40	839	782
pielak213	450	7404	99.02	51526 	10	2,508	631
Zinnia	451	7403	99.29	55943 	39	789	424
Corim	452	7401	99.51	46439 	190	887	929
[hamiy]	453	7398	98.68	99320 	359	2,547	1,384
HaruTachi-	454	7395	98.62	27013 	2	297	637
KeigoClear	455	7394	99.19	93630 	272	907	616
-PC	456	7391	99.30	69410 	266	1,004	905
Xtra	457	7390	99.24	70762 	31	612	663
Manakura	458	7389	98.64	37308 	33	838	785
Blanco	459	7388	98.71	76468 	25	722	852
[_BJ_]	460	7386	99.04	77342 	209	1,520	664
napaleon	461	7375	99.22	49983 	14	1,342	479
-Ekik-	462	7374	99.63	49231 	192	838	442
Flask	463	7367	96.87	45581 	93	1,319	861
-Wolfy-	464	7366	98.41	49958 	123	1,036	621
MrBooM	465	7364	98.30	36086 	13	521	372
kutafix	466	7360	98.69	50153 	13	202	408
PeaChick	467	7359	99.48	177344 	403	2,124	379
Usagi_sama	468	7356	99.13	53905 	125	773	511
Adam_tw	469	7354	99.00	69114 	118	634	452
Wookiezi	470	7354	99.00	59017 	74	453	576
Lunirs	471	7352	98.40	42804 	13	532	574
Rion-	472	7349	99.32	83924 	147	1,314	738
Boy_314	473	7346	98.86	44212 	41	870	737
Rilium	474	7345	98.24	59918 	24	935	938
ChokoretoMiruku	475	7344	98.75	50112 	71	896	1,117
legendcrazyman	476	7343	98.27	61481 	54	870	589
PizzaLovers007	477	7335	98.97	21446 	16	640	579
Fuyu	478	7332	98.87	121223 	382	2,791	559
KagaR	479	7329	98.86	71962 	148	1,605	836
Haenes	480	7329	97.93	61343 	1	869	853
surume_yotyan	481	7328	99.56	46366 	281	886	620
Crissinop	482	7327	99.56	63187 	1,859	575	33
revurii	483	7327	98.62	70842 	7	545	702
AAA	484	7327	98.63	84094 	134	1,723	76
Genny	485	7325	99.33	70920 	69	672	428
YuyuKo_sama	486	7322	99.45	121557 	1,867	2,118	908
r0beRT	487	7320	98.90	31206 	155	1,933	759
Forseen	488	7312	99.21	204620 	893	2,888	76
InabaTewi	489	7310	99.02	96421 	283	2,027	277
Gnuu	490	7308	98.94	134462 	93	1,693	1,179
Squilly	491	7305	99.16	45603 	25	523	573
iamVill	492	7304	98.21	27256 	9	311	281
SyoZohma	493	7301	99.10	51261 	82	1,169	1,032
vaporlol	494	7301	99.16	52243 	38	454	438
KHRiku	495	7301	98.61	49191 	89	849	473
Fumiko-	496	7299	98.13	24154 	19	478	458
Zola	497	7299	99.57	29621 	69	560	474
Kirin	498	7295	98.88	84821 	68	954	607
dok1e	499	7290	98.94	129931 	19	913	625
Tobi	500	7288	99.29	112980 	71	1,175	905
ChitogeOP	501	6921	98.55	56205 	39	463	456
Wookiezi	502	6920	99.01	55238 	69	426	550
InabaTewi	503	6918	99.04	93495 	279	1,983	253
xasuma	504	6914	99.23	47706 	387	3,662	1,977
quattro_cani	505	6912	98.65	47741 	11	535	616
Aeril	506	6909	99.11	68066 	28	358	442
Polaco	507	6908	99.08	57768 	183	1,439	675
Diulenomo	508	6907	98.98	45969 	115	1,168	677
0203okaT	509	6907	99.28	55357 	439	3,070	317
Raishu	510	6906	98.72	33049 	29	908	436
Woey	511	6897	99.23	79351 	658	1,531	736
Karthy	512	6896	98.93	27681 	51	568	956
TrickMirror	513	6895	98.98	131136 	382	3,014	1,040
hlx_groden	514	6888	99.05	52406 	77	767	374
Rixia_Mao	515	6884	98.08	15764 	25	640	105
tomtusi123	516	6883	98.38	62641 	163	1,819	445
Banana-	517	6881	99.06	42570 	80	530	366
[_Flashoky_]	518	6880	97.99	78427 	55	489	397
Kaifin	519	6879	99.39	83848 	82	615	483
Epiphany	520	6876	99.50	32927 	30	365	614
AntoN	521	6876	99.01	76399 	137	1,436	1,617
mrzomb	522	6875	99.36	77485 	381	1,828	1,034
mookss1231	523	6874	98.96	64157 	146	1,472	1,053
John_the_Dog	524	6872	99.33	46891 	43	594	540
PhaCeLia	525	6872	98.35	74642 	219	1,912	950
[_-_Horo_-_]	526	6868	98.76	97378 	30	812	698
Miucs	527	6866	98.52	79109 	180	930	602
Kirin	528	6865	99.14	78842 	63	872	503
Rilium	529	6864	98.56	54498 	24	902	806
Makezu	530	6863	99.03	78802 	13	628	646
Xim	531	6859	98.64	46050 	65	819	892
AAA	532	6856	98.44	70628 	109	1,500	79
Madokaaa	533	6856	98.67	80136 	38	1,045	762
hummingbird	534	6853	98.58	42031 	52	773	368
gejutel	535	6853	98.44	90436 	26	558	518
Poruteri	536	6848	99.21	92898 	249	2,058	760
wavezz	537	6846	99.02	52228 	237	1,344	538
[C_u_r_i]	538	6844	98.82	47049 	119	770	488
Mood_Breaker	539	6842	99.08	67559 	122	900	798
Netz	540	6841	99.26	67094 	364	2,000	475
Fuwzie	541	6840	99.42	44034 	407	578	424
Lazer	542	6827	98.47	41231 	65	1,125	853
aod	543	6825	98.43	109015 	115	1,827	893
[_AeonLust_]	544	6825	98.92	53445 	79	1,445	788
Seto_Kousuke	545	6825	98.83	99916 	99	1,213	1,192
Nelissa	546	6824	99.20	66115 	75	1,381	742
Death_Zone	547	6820	99.40	20832 	131	886	202
Mirtrax	548	6820	98.09	53304 	13	480	361
-_Croma_-	549	6819	98.30	93253 	175	1,790	1,655
Menthuthuyoupi	550	6818	99.53	46139 	63	772	724
Kumano	551	6818	99.01	80693 	207	1,654	415
Yuleiyu	552	6817	98.99	141860 	513	3,015	233
younited	553	6816	99.26	32860 	32	558	187
loliho8	554	6815	98.03	26347 	8	405	524
0120	555	6814	98.91	65503 	0	1,038	536
Faics	556	6810	99.44	8607 	113	522	495
VINXIS	557	6810	98.82	56251 	26	705	855
Meiph	558	6807	99.04	19277 	38	257	177
Granje	559	6805	99.02	177124 	356	3,225	440
R_u_n_e	560	6805	99.35	38986 	842	501	49
Super_Arrow	561	6802	97.74	67469 	22	1,191	827
dopedick_donkle	562	6802	98.19	67167 	16	808	502
Ayalis	563	6802	99.24	107287 	275	1,346	637
ExRei	564	6800	99.13	116189 	33	695	578
Ragnawrawk	565	6800	98.46	45727 	97	904	545
Lunirs	566	6800	98.54	37647 	10	442	488
lorelai	567	6791	98.72	91088 	3	772	857
Nemis	568	6791	98.94	141380 	293	696	568
Akane-Yuki	569	6790	98.49	32414 	69	755	379
Ceptin	570	6787	96.29	46748 	32	367	520
Black_Sheep	571	6786	99.15	155199 	527	3,192	608
Boy_314	572	6783	98.83	37406 	22	683	680
Brown_K	573	6783	99.15	96232 	412	952	465
hvick810	574	6780	99.11	112593 	110	1,541	1,175
_kyky_	575	6780	98.55	53751 	21	468	511
ExpertBOT	576	6779	98.80	64070 	73	704	350
Pyonta	577	6778	98.75	99999 	155	1,026	245
MAJINAx	578	6778	99.11	35073 	141	808	749
Roro_Rosset	579	6776	99.63	96187 	5,258	1,717	272
Otters	580	6776	99.25	40526 	55	359	386
sardine0221	581	6773	98.79	68181 	217	2,686	603
404_AimNotFound	582	6770	99.50	29727 	108	640	968
Qchan	583	6769	98.35	45879 	54	833	466
Afrodafro	584	6768	99.22	49489 	47	388	373
Shimox	585	6765	98.76	143397 	290	1,958	1,088
Juno	586	6765	99.46	49572 	79	1,003	425
Hakkero	587	6761	98.12	105878 	864	2,642	563
Climate	588	6759	99.30	115392 	1,208	1,496	18
[TAKA]	589	6758	98.95	52141 	80	1,282	512
Anroyz	590	6755	98.60	114164 	51	780	809
SoRayZe	591	6751	98.75	93290 	166	1,488	636
oneplusone	592	6750	97.39	43232 	1	628	1,194
Mya	593	6750	98.58	42252 	13	576	621
Gyuunyu	594	6749	98.89	98154 	118	1,138	493
-_Tea_-	595	6745	97.09	84066 	15	356	586
broodjepure	596	6744	99.28	84474 	73	1,324	1,343
Fangzy	597	6742	99.12	58915 	251	1,579	781
MRT	598	6738	98.92	107691 	120	1,225	998
yeahbuddyzz	599	6737	98.76	91380 	53	911	486
NeBuSC2	600	6736	98.78	46870 	482	1,073	219
zxxzxxz	601	6732	98.40	60195 	69	1,314	587
randomizer89	602	6726	97.93	179004 	156	2,458	1,606
Suzutsuki-	603	6708	98.80	95100 	293	1,759	592
ToLove	604	6707	98.60	38388 	83	645	305
Kalvin	605	6706	98.79	75345 	45	240	432
Wario	606	6703	99.07	51169 	135	618	1,014
Beomsan	607	6703	98.76	38360 	35	781	488
Clyine	608	6702	98.58	50183 	27	1,336	848
Rosalie_Lu	609	6702	98.58	43341 	198	1,525	960
Serah	610	6701	99.28	27406 	142	666	329
jesse1412	611	6701	95.63	126276 	29	881	1,172
Wonder	612	6700	99.32	71147 	549	1,115	623
BannedForever	613	6700	99.04	69307 	30	1,071	211
dok1e	614	6700	99.28	112087 	15	784	556
Neko_Mimi	615	6699	99.25	70068 	929	764	309
Gao	616	6698	99.41	46377 	28	508	539
_WinRAWR	617	6693	99.14	100310 	59	563	627
Mareyo	618	6692	98.73	72759 	260	3,017	1,279
Sandsky0	619	6691	99.06	30745 	45	304	453
Snowio	620	6690	99.38	108278 	836	2,027	680
legendcrazyman	621	6690	97.98	48139 	50	802	449
_Yurine	622	6687	99.05	52314 	183	1,535	968
Rinquin	623	6685	99.09	75399 	23	838	870
Shiny_Gardevoir	624	6685	98.95	28374 	23	341	413
LZStorm	625	6685	98.16	39322 	34	1,338	643
Babii	626	6681	99.13	73400 	171	1,398	1,029
kLeptO	627	6680	99.03	65619 	12	464	579
Icsia	628	6678	98.58	150780 	400	3,413	649
Rinzler	629	6676	99.02	41162 	9	281	124
xSeato	630	6675	97.88	83451 	8	1,049	586
Gomo_Pslvarh	631	6675	99.09	49475 	1,457	1,973	237
Hijikata	632	6675	99.25	168464 	486	3,552	953
Chaoslitz	633	6673	99.76	52764 	1,463	452	8
Molester_Moon	634	6673	98.65	38633 	62	960	1,212
Fr0th	635	6671	98.35	57397 	59	1,041	415
[_Beatrice_]	636	6671	99.48	152278 	3,709	2,994	164
YuaKKuma	637	6669	99.17	132361 	1,117	4,827	404
bossan	638	6668	99.16	53784 	438	2,013	1,235
P1u70	639	6667	98.87	20499 	83	711	367
Num5119	640	6667	98.31	55901 	38	527	559
Zboys	641	6666	99.40	60507 	150	1,525	525
PizzaLovers007	642	6664	98.66	19190 	6	517	496
jeydude	643	6663	99.07	55865 	274	2,204	574
__Freedom__	644	6661	99.00	33320 	24	492	527
M_a_c	645	6660	99.01	58415 	105	489	495
murasaki_sk	646	6660	99.05	147534 	330	1,772	302
[_Erina_]	647	6654	97.53	100574 	101	2,271	914
NaMiHeY	648	6654	99.14	29796 	98	1,107	673
Woobowiz	649	6653	98.91	76794 	46	705	684
xelo_ns	650	6651	99.13	74610 	288	3,135	492
K-Rebu	651	6651	98.70	110943 	30	966	679
Piotrekol	652	6650	98.64	88725 	421	4,382	1,050
Hotaruduka_Yuno	653	6649	99.42	9769 	379	452	404
-Trinity-	654	6647	97.07	66954 	12	393	462
MFZ	655	6645	98.18	98867 	43	803	438
mrspazzameme17	656	6645	99.03	41068 	224	944	376
Shokobear	657	6644	99.27	65457 	80	1,076	516
Dzui	658	6642	99.00	17798 	193	595	255
shamisenko	659	6641	98.23	37005 	75	1,208	260
Nicokarl	660	6641	99.26	145076 	920	2,341	95
Kosmonaut	661	6641	98.83	53608 	22	927	554
Amane-	662	6640	99.34	35719 	130	682	557
21_sucks	663	6638	98.46	53341 	35	1,831	983
Naxurin	664	6637	99.56	92051 	213	879	979
[_Guardian_]	665	6637	99.42	42927 	106	1,491	485
Startrick	666	6636	99.23	75069 	231	778	319
SiNon	667	6636	97.06	69128 	104	532	643
Znon	668	6636	99.45	41766 	26	353	715
Horo	669	6635	99.17	74368 	494	996	1,008
Ivan	670	6630	98.80	59053 	120	1,078	750
ededed028	671	6629	99.22	60622 	34	363	164
based_god_lil_b	672	6628	98.79	58289 	23	602	696
SASADUKA	673	6627	99.20	108558 	1,249	1,886	111
-Kenny-	674	6627	98.48	17856 	13	580	578
makise38	675	6627	98.54	125118 	61	1,552	1,202
Monko2k	676	6625	99.14	27518 	40	651	781
LoGo	677	6625	98.97	224553 	155	1,417	1,157
SylviaL	678	6623	99.38	33142 	40	169	173
Sonoda_Umi	679	6622	98.62	187856 	146	2,834	891
SkyzWai-	680	6622	98.71	94673 	40	1,612	689
w1sp	681	6622	97.84	12570 	8	309	365
SyeruP	682	6621	99.63	65841 	911	1,130	621
PudiPudi	683	6619	99.30	70567 	86	1,490	651
Psycopath-	684	6618	97.82	107780 	15	542	627
Lt_XVII	685	6618	98.87	62640 	57	762	486
Hazukashi	686	6618	98.44	46704 	33	760	881
Texats	687	6617	99.07	57098 	63	890	784
Jaybladezz	688	6616	99.05	50000 	246	1,179	454
Vinsu	689	6614	98.41	56255 	67	767	452
Kobato_Tina	690	6614	98.88	66577 	279	1,431	0
Mikoto	691	6611	99.32	88437 	1,839	3,829	17
shAe1eck	692	6610	97.69	45847 	17	1,640	1,099
Flathel	693	6610	99.04	85952 	185	1,526	1,239
Blue_Dragon	694	6609	98.58	82399 	301	3,393	785
Saix	695	6608	99.18	54313 	72	997	36
SourLy	696	6607	97.96	52599 	15	498	881
Talbadar	697	6604	98.87	99366 	86	1,412	1,018
DeleteNumber	698	6599	98.72	40666 	42	496	316
Colette	699	6598	99.38	20538 	149	585	506
_iV_	700	6598	98.95	45981 	48	692	869
Chippy	701	6597	99.64	44923 	35	400	507
Karoful	702	6596	98.63	114849 	129	2,723	1,103
VXB	703	6595	99.09	74913 	97	771	583
Mira-san	704	6595	98.82	55466 	130	868	151
IDAN	705	6595	99.08	69671 	53	438	480
Chiu	706	6594	99.43	50759 	86	1,087	760
r0beRT	707	6591	98.64	29050 	153	1,832	695
Lolisim	708	6589	99.28	52209 	146	853	356
NuHaru	709	6589	97.54	32230 	15	837	559
Arnbition	710	6589	98.79	42560 	4	488	308
ch2035	711	6588	98.80	56296 	109	1,909	972
[_Mitchi_]	712	6588	99.42	44873 	135	1,118	346
Chronomarly	713	6587	98.98	47440 	92	467	176
Borobo	714	6585	98.81	88217 	117	933	526
pyrowar56	715	6584	98.78	66202 	42	1,459	369
SapphireGhost	716	6584	98.67	98038 	1,360	6,640	0
Syph	717	6582	98.81	46417 	20	443	871
Win	718	6582	99.10	78713 	106	1,055	600
Kairi	719	6579	99.11	101096 	485	2,097	580
Nephyle	720	6578	98.00	56376 	49	802	546
Laughy	721	6575	99.09	64794 	132	1,099	987
Myjuu	722	6574	99.02	57042 	77	769	981
Niii-san	723	6573	98.95	44608 	14	376	342
AceofSpades77	724	6569	98.94	36466 	104	1,119	1,016
Zavarka	725	6569	98.75	76254 	351	1,289	708
ShadowSoul	726	6569	99.17	140110 	1,029	4,214	979
K_a_z_a_m_i	727	6569	98.60	16727 	10	182	148
-Kupo-	728	6568	98.12	35836 	59	926	909
HNC_yk	729	6568	98.76	38876 	92	946	567
[RanYakumo]	730	6568	98.63	72091 	104	1,410	329
Saferon	731	6568	98.55	59999 	242	1,735	515
pro_boxer-MATSU	732	6567	98.58	39353 	124	1,149	530
sullyjhf	733	6564	99.12	40925 	76	1,047	1,249
Omgforz	734	6563	98.82	37076 	38	1,355	744
Al_Tang	735	6562	98.50	76142 	57	1,524	547
Arakune	736	6559	99.10	20013 	31	513	685
_---_	737	6558	99.47	78433 	95	597	679
Pochiko	738	6555	99.43	75282 	114	977	133
Dzyre	739	6555	98.96	64519 	31	865	395
Quanteck	740	6553	98.37	91812 	27	788	735
TenaPotato	741	6552	99.40	112258 	1,505	1,500	879
SakkePlays	742	6551	98.96	45137 	13	255	158
Breiz	743	6551	99.00	87825 	211	1,129	258
Sarthorious	744	6550	99.17	60666 	41	931	1,405
Yuki-Desu	745	6550	97.75	90722 	17	506	535
Destroid248	746	6549	99.17	56791 	30	501	489
[_nong422_]	747	6549	98.99	37175 	64	554	239
Asahi	748	6548	99.05	124767 	226	3,883	394
Reminat	749	6548	99.21	28991 	103	433	388
neofoxxed	750	6546	98.99	62371 	57	747	911
Nodame	751	6545	99.53	18914 	193	556	293
Winner	752	6544	97.70	59036 	18	294	300
huono_tuuri	753	6542	98.47	110021 	36	1,083	792
[Neetwork]	754	6540	99.17	69481 	114	1,326	1,419
Jemmmmy	755	6540	98.36	73107 	17	1,204	895
Homura-	756	6539	99.13	79389 	1,109	2,028	201
Uryuwei	757	6539	99.23	137086 	1,605	1,680	72
DT-sama	758	6539	98.83	133184 	36	1,037	1,355
ClystaL-	759	6538	98.96	73898 	6	403	317
ghanem	760	6536	98.24	82317 	24	696	268
muchy	761	6535	99.20	54438 	75	1,628	671
Poofie	762	6535	98.80	60222 	61	1,040	1,258
Vocal	763	6535	98.53	67036 	45	892	721
Zerokae	764	6532	98.64	36354 	8	293	346
Schill_Cyrene	765	6532	99.31	67901 	507	1,501	564
Noname0	766	6531	99.25	48256 	103	822	1,027
Pantsuki	767	6531	98.44	85550 	100	1,596	629
Musieq	768	6530	99.00	78454 	13	881	964
moki	769	6529	99.40	9279 	143	344	214
Noriko_sama	770	6528	99.16	50770 	174	1,266	474
Lua	771	6528	98.86	67509 	2	407	590
Liu	772	6528	99.45	71428 	522	1,216	875
-Wolfy-	773	6525	97.89	43468 	110	916	564
Kallah96	774	6524	98.51	47693 	95	1,203	305
Melanch0wl	775	6524	98.84	48021 	86	1,228	809
Haganenno	776	6524	99.32	49167 	113	507	502
ZachiZombie	777	6523	99.25	40402 	34	912	335
FatalLimit	778	6522	99.06	28760 	109	318	499
sawagani	779	6522	99.33	81388 	201	1,103	59
end_me	780	6520	98.69	36033 	69	468	352
uzuran	781	6515	99.14	115284 	454	2,874	725
Darksonic	782	6513	99.52	141546 	1,698	3,547	165
Sk1t4	783	6513	99.01	64269 	57	953	243
Mmrn	784	6513	99.30	23030 	151	738	493
Necroluttah	785	6512	98.62	59475 	60	570	585
ZeCryptic	786	6511	98.87	64428 	30	945	698
L_i_s_a	787	6509	99.08	24225 	81	366	399
Principe	788	6508	98.76	50000 	27	1,076	634
WhyMyHandSoSlow	789	6507	98.67	39203 	61	1,072	205
NNAisle	790	6507	99.09	33376 	21	324	512
Xenbo	791	6505	99.18	59494 	91	450	136
ArKeda	792	6505	98.34	25184 	17	417	504
Dakke	793	6504	99.14	38289 	30	599	736
Liqh	794	6503	98.83	63304 	147	1,052	837
RealCuT	795	6501	99.19	55765 	240	1,294	560
Shii	796	6501	96.56	60746 	21	1,038	617
Noobsicle	797	6497	99.26	19242 	77	997	1,050
KonataN	798	6497	98.90	52517 	474	2,972	822
Quallinski	799	6496	98.83	73299 	33	567	475
Kurtzilllaaa	800	6496	99.19	32525 	37	860	687
Tank_A13	801	6496	98.58	41101 	15	671	410
HideZ	802	6495	98.86	103552 	153	4,474	1,204
vsprite	803	6493	98.84	37793 	49	967	722
Tarix	804	6493	98.64	54039 	12	684	547
anchobi	805	6492	98.88	120632 	269	2,309	1,232
sasakure	806	6492	98.30	53536 	20	687	290
Helix	807	6492	99.24	71003 	663	1,008	475
Cyanogenoid	808	6491	99.26	71350 	32	406	520
[_WayZ_]	809	6491	98.54	63746 	183	2,396	846
RinNeMi	810	6491	98.16	28074 	5	203	133
Michi	811	6490	98.88	109030 	109	1,590	722
[-_Nishi_-]	812	6489	98.18	39748 	189	1,930	442
Natorin	813	6489	98.77	62328 	29	786	608
KevstracK	814	6489	98.54	44169 	59	578	578
Miroku	815	6488	99.02	83976 	246	4,776	1,355
Nerox	816	6482	99.11	46008 	141	1,289	602
mrqsz	817	6481	99.07	29746 	40	311	233
Antynum	818	6481	98.81	65625 	17	754	553
Rhijitsu	819	6479	98.64	59674 	90	1,436	673
azger	820	6479	98.68	41124 	169	630	261
yandri	821	6477	99.14	34804 	138	889	164
VeLias	822	6476	99.32	155881 	224	1,638	43
Shinoa	823	6476	99.38	12970 	66	282	131
Shiratu	824	6473	99.53	37317 	234	1,222	481
Blue_Eyes	825	6473	98.85	11436 	285	110	143
AdveNt	826	6472	99.21	84486 	167	2,382	528
Muriha	827	6472	99.10	58607 	23	910	401
ReusoL	828	6470	98.86	43427 	45	623	536
Usagi_sama	829	6470	99.28	41317 	113	601	390
Game	830	6469	98.93	83474 	123	1,526	923
Jace	831	6469	98.86	68132 	58	1,205	720
[_-_Sora_-_]	832	6468	98.87	36799 	5	715	573
[_Yozzied_]	833	6468	99.02	55531 	143	1,906	684
Akairushi	834	6466	98.84	65410 	366	1,475	1,112
Cherie	835	6466	99.40	11594 	111	311	2
Ephix	836	6466	97.63	66104 	20	858	409
Chuquebecois	837	6466	98.03	43679 	9	522	724
CoachUmbrellas	838	6460	99.42	13232 	61	304	385
owatan	839	6459	97.65	159227 	78	2,143	571
Megu_-_nee	840	6458	98.17	19985 	16	406	386
Duskuser	841	6457	99.28	54693 	121	723	549
EAASYMONEEY	842	6457	98.64	81610 	13	797	944
Passara	843	6455	98.62	62872 	17	886	985
novaaa	844	6453	99.03	118540 	573	4,883	1,201
Shiro	845	6453	98.93	63838 	464	2,831	865
Kipley	846	6449	98.95	37758 	19	710	772
One_Miss	847	6449	99.10	86665 	82	991	1,147
Osama	848	6448	98.76	117228 	62	1,375	914
Sanjilift	849	6448	98.58	80578 	6	370	318
Gon	850	6447	98.75	68792 	220	2,819	352
Houkago_Stride	851	6446	98.66	22740 	11	363	338
pooptartsonas	852	6446	99.00	53060 	92	688	624
Unity	853	6445	98.87	55764 	42	738	558
Maxe191	854	6444	99.07	118820 	626	1,782	624
Borealis	855	6441	99.35	94538 	136	1,133	862
Spark-desu	856	6439	98.13	47027 	11	564	463
Koltaylolz	857	6438	99.11	35744 	97	1,127	729
Kenshin	858	6438	99.21	81409 	144	730	603
Kup92	859	6437	98.52	77931 	36	1,360	543
kuriim	860	6437	99.11	2274 	17	88	109
Bubba	861	6436	98.91	95231 	216	1,865	156
Arieeru	862	6435	98.19	75953 	482	2,231	562
Ajo_Joestar	863	6434	99.29	102391 	805	2,751	781
Merami_San	864	6434	99.00	64522 	186	2,477	1,223
koromo	865	6433	99.25	86461 	98	1,669	765
M1k0	866	6432	99.05	114882 	102	1,238	616
Shunsuke	867	6432	98.72	45091 	100	922	439
-Akky	868	6430	97.58	49241 	8	367	727
Tomoko_Kuroki-	869	6430	99.26	31015 	64	467	346
Sage	870	6429	98.73	54297 	16	825	529
-_Aki	871	6428	98.94	74822 	1	586	650
Phenomenol	872	6428	99.10	36324 	118	440	586
Qash	873	6428	98.98	32798 	37	585	664
Ohrami	874	6427	99.21	97517 	264	1,165	815
erictran0	875	6424	98.78	29703 	71	943	596
Stella-	876	6421	98.79	38667 	60	488	226
step_201064	877	6420	98.84	55590 	13	675	869
[_-LaTiao-_]	878	6418	98.58	63970 	139	2,402	335
Crystal	879	6413	98.90	61436 	567	2,295	492
AcevZ	880	6411	97.53	33293 	22	682	524
flansl	881	6410	96.75	59547 	31	635	565
Neel-	882	6409	99.01	37435 	143	983	97
Graphite_Edge	883	6406	99.10	148315 	260	2,702	1,069
Maozis	884	6406	99.12	51413 	664	1,020	27
idke	885	6405	98.21	23974 	8	266	212
Fetish	886	6405	98.18	63429 	58	783	670
allives	887	6403	98.65	82651 	70	721	385
SrSkyPlayer	888	6402	99.19	42225 	48	1,029	548
Icyteru	889	6402	98.87	68187 	31	896	615
-Soba-	890	6400	98.64	92150 	197	2,314	490
Coyri	891	6398	99.33	42105 	186	961	365
T-lex	892	6398	99.41	90857 	423	2,781	986
Alkees	893	6398	98.91	49978 	57	750	290
Shield	894	6396	98.89	68294 	43	656	460
omochi	895	6396	99.47	55668 	89	909	1,100
DazzLE_Wind	896	6395	99.22	67927 	122	1,755	666
Aloha	897	6394	99.56	61038 	306	1,442	693
CrtReXn	898	6394	98.82	69628 	109	1,315	1,155
Kana	899	6394	99.03	105842 	178	1,975	1,310
Josh	900	6393	98.44	39777 	11	392	371
ruexia	901	6392	97.95	67291 	5	360	366
Raiku	902	6391	98.19	93305 	200	1,576	334
FreeSongs	903	6391	99.13	53904 	125	1,632	714
SevenTeen-	904	6389	98.71	63811 	48	1,905	509
Tofas	905	6387	99.17	74648 	153	822	425
DarkwildDuck	906	6387	98.92	54091 	89	1,193	898
Huang_Melin	907	6386	99.20	56832 	222	2,446	375
Shana-	908	6386	98.81	88734 	5	526	362
MasterKotori	909	6386	98.93	32974 	20	665	429
NexT50	910	6385	98.54	43754 	68	676	222
Kratos	911	6384	98.53	49309 	27	962	1,142
Danbal_Sarang	912	6383	98.73	44739 	38	731	198
Pants	913	6383	97.81	83927 	14	685	769
Kouhai	914	6381	98.93	57261 	24	595	320
-Kagami_Hekiru-	915	6379	98.79	27079 	10	332	215
Hysteria	916	6379	98.57	41191 	12	516	568
GladiOol	917	6378	99.36	75700 	436	3,159	696
Squilly	918	6377	99.14	37547 	14	378	447
Curvely	919	6376	99.05	104563 	179	1,444	508
pattrik	920	6373	98.92	73156 	61	638	385
SloppySeal	921	6373	98.68	47064 	39	821	419
Tobu	922	6372	98.40	94783 	63	1,805	867
raycoN	923	6372	99.02	94240 	54	649	484
caleb123456	924	6372	97.62	79818 	12	457	293
-raizen-	925	6371	98.69	81817 	14	684	556
Physalis	926	6370	98.72	102527 	18	1,150	1,130
Kert	927	6370	98.39	136921 	355	1,604	857
Summer	928	6370	99.39	51476 	265	1,946	890
Jaitonat	929	6368	99.26	137665 	76	772	1,159
Lita	930	6367	99.37	26321 	263	1,276	650
cemie	931	6365	97.50	66101 	13	521	633
HueFlakes	932	6364	97.46	45236 	19	479	490
Chanki	933	6362	96.99	130698 	53	1,798	1,518
Keanu	934	6360	99.05	68770 	214	1,290	456
fcuk	935	6352	98.80	38381 	39	1,930	769
MblLO	936	6352	98.99	93304 	47	1,095	558
[_MILK_Jiang]	937	6351	99.44	54981 	94	942	1,003
AppleKruit	938	6351	98.66	58665 	222	270	156
Falling_Snow	939	6350	99.16	25555 	134	614	739
GaTu	940	6350	98.62	47926 	9	872	483
Kakiage	941	6350	97.40	53217 	16	532	519
-_Akira_Len_-	942	6349	98.81	42379 	119	798	706
TequilaWolf	943	6347	98.77	24623 	10	287	1,069
Wind_THking	944	6347	99.43	67366 	249	2,341	428
HUUE	945	6347	98.87	37033 	126	2,006	596
sprItzEr	946	6347	99.61	30295 	1,213	988	288
Karube	947	6346	99.59	141973 	2,150	2,007	750
CaLiA_Ruin	948	6345	98.94	59555 	34	961	859
kittenrequiem	949	6345	98.73	76963 	89	774	1,555
insane	950	6344	98.83	20263 	26	321	207
Zaeltrigger	951	6344	98.25	65040 	29	1,844	822
-Hebel-	952	6344	99.14	54389 	70	733	446
Last_SSS	953	6344	99.08	59048 	517	2,236	823
Elco	954	6344	98.82	62534 	23	553	613
Sugoi_Desu	955	6343	99.22	45930 	34	383	373
Akani	956	6343	98.76	60435 	97	824	490
Miyazono	957	6343	98.81	24262 	5	297	262
sushimi	958	6341	98.18	38420 	64	1,147	753
UtiDa_K	959	6338	98.78	52808 	75	1,066	466
Marie_Rose	960	6338	98.52	8911 	149	469	8
Shodan	961	6337	98.85	24292 	79	611	567
Aardappel	962	6336	99.33	13456 	122	338	313
namaenanka	963	6336	97.90	30439 	21	582	605
satori1	964	6336	96.10	141189 	0	253	308
Tyguyy	965	6336	98.92	71663 	32	691	852
Ma_yin	966	6335	98.18	57161 	31	1,099	620
Aomi_Maika	967	6335	99.16	60179 	20	559	388
Lufu	968	6333	98.69	34498 	40	673	341
jayK	969	6333	98.77	65735 	29	582	681
Haruna_Kumo	970	6332	97.74	47992 	9	524	559
Misaki_Tobisawa	971	6332	98.61	55397 	8	313	404
Mizarr	972	6332	97.57	42090 	58	579	410
Asahina_Momoko	973	6331	99.21	70968 	47	857	841
Linckey	974	6331	99.40	62646 	105	1,049	297
Emub	975	6331	98.89	49446 	166	882	648
Destroter	976	6331	99.24	39294 	95	650	221
Aoba_Karingo	977	6330	98.15	74899 	16	527	470
[_Wakson_]	978	6330	99.37	53477 	108	343	410
[Chrono]	979	6330	98.96	52264 	41	1,566	731
Glazbom	980	6330	98.98	124638 	286	3,285	981
mokoro	981	6328	99.49	34182 	367	1,208	373
YouSeokHwan	982	6328	98.77	54432 	812	4,156	440
Shapy	983	6328	98.95	69356 	423	1,455	1,079
Garden	984	6328	99.02	27333 	522	2,010	338
Rolada_z_Miesem	985	6328	98.76	23496 	45	349	304
Narupo	986	6327	98.72	97077 	66	1,376	878
Nagicho-	987	6326	98.72	106205 	82	1,846	337
Morbon	988	6326	98.97	69040 	191	1,882	746
Nento	989	6325	99.40	2242 	22	93	49
dinopwn	990	6325	99.70	82495 	195	709	51
[_Amnesia_]	991	6323	99.45	44981 	107	850	960
[_Pustules_]	992	6320	99.03	53146 	78	724	397
RedLeaf	993	6319	98.99	33835 	136	1,215	645
Henry-	994	6317	98.19	188182 	186	1,935	574
Boggles	995	6317	98.31	42449 	76	924	604
nrl	996	6316	98.52	24745 	20	1,311	1,166
marziale	997	6315	99.27	51896 	982	372	165
Matiseg	998	6314	99.88	21966 	76	668	471
Callum	999	6313	98.81	83499 	117	1,527	981
yooriko	1000	6312	97.96	45526 	5	346	433
helix	1001	7632	99.42	105714 	1,042	1,554	913
HazzardFreak	1002	7631	98.93	64815 	300	2,967	767
Wind_God_Girl	1003	7631	98.78	43390 	62	459	577
Genny	1004	7631	99.41	77946 	77	713	486
Kujinn	1005	7630	97.24	86557 	16	637	680
[_Pustules_]	1006	7628	98.76	70197 	109	902	530
Astrafe	1007	7628	98.64	37861 	26	697	756
hmrkhmrk	1008	7627	98.71	72841 	125	1,661	644
mugio3	1009	7626	99.76	107498 	1,178	983	34
Maozis	1010	7626	99.40	70974 	749	1,495	22
DeleteNumber	1011	7624	98.81	59268 	68	713	517
Zallopomo	1012	7622	99.14	44875 	28	620	1,279
QbaDoo	1013	7622	97.91	81896 	12	653	720
ZachiZombie	1014	7622	98.76	56302 	40	1,338	506
Yuusuke	1015	7622	98.87	137667 	153	855	1,260
JohnyZ	1016	7621	99.20	56877 	125	1,699	876
Cerillion	1017	7620	98.04	132537 	33	878	605
[_baka_3b_]	1018	7620	98.86	77936 	37	2,093	1,469
Arthior	1019	7619	99.27	122901 	81	828	410
Neab	1020	7619	99.09	131207 	963	4,731	1,221
GuessWho	1021	7618	98.27	56809 	84	829	515
Liya	1022	7617	98.91	31541 	158	1,776	907
brain_damage	1023	7616	98.95	77900 	33	493	572
ClystaL-	1024	7615	98.64	105421 	9	485	580
[_Enju-chan_]	1025	7615	98.18	78969 	16	584	257
TCN	1026	7615	99.47	139918 	1,440	1,260	1,991
byfar	1027	7614	96.92	50664 	7	425	697
katatakatata	1028	7614	99.13	60805 	93	816	495
ningalu	1029	7613	98.25	64940 	46	598	653
Dark_PHOENIX	1030	7613	98.69	106146 	67	1,953	833
Kizan	1031	7612	98.81	67577 	81	935	384
Nexius	1032	7610	98.51	42814 	5	587	987
Shuezi	1033	7610	97.75	52487 	37	1,388	1,044
kjuszino	1034	7609	98.15	119714 	22	578	662
Blanco	1035	7609	98.68	79297 	26	748	885
Crissinop	1036	7606	99.61	71238 	2,258	600	37
WalyNrk	1037	7606	98.23	27490 	57	400	277
Andrew	1038	7605	99.52	129077 	1,500	2,708	926
Cellina	1039	7603	98.70	87172 	33	538	448
kiyumi	1040	7601	99.65	120847 	1,939	588	340
Piotrekol	1041	7600	98.79	102089 	423	4,662	1,378
meltz	1042	7599	98.60	118756 	16	429	379
[_oitaN_]	1043	7598	97.08	64845 	160	1,385	956
hvick810	1044	7598	99.27	153949 	176	2,075	1,392
Fataliis	1045	7597	99.28	78037 	119	1,020	637
Gildz	1046	7597	98.75	26141 	1	297	436
Lunarsol	1047	7595	97.84	60553 	47	448	497
0120	1048	7595	99.10	74848 	0	1,096	627
mrzomb	1049	7586	99.09	100977 	553	2,528	1,413
G4SH4	1050	7586	98.72	83092 	229	1,291	953
meltz	1051	7599	98.60	119254 	16	429	378
[_oitaN_]	1052	7598	97.08	64851 	160	1,385	956
hvick810	1053	7598	99.27	154485 	177	2,078	1,398
Fataliis	1054	7597	99.28	78061 	119	1,020	637
Gildz	1055	7597	98.75	26157 	1	297	437
Lunarsol	1056	7596	97.84	60734 	47	448	497
0120	1057	7595	99.10	74878 	0	1,096	627
MegaMK	1058	7592	98.68	70053 	63	528	280
zaqlev	1059	7592	99.23	120697 	43	362	1,210
TheOmyNomy	1060	7591	99.46	64672 	196	1,026	370
mrzomb	1061	7586	99.09	100977 	553	2,528	1,413
NexT50	1062	7585	98.73	50705 	78	764	238
Weyk	1063	7584	97.48	71342 	6	213	849
Climate	1064	7584	99.04	142601 	1,510	1,880	22
gudetamaJP	1065	7583	98.69	79548 	511	3,686	1,121
TopSp1n	1066	7583	98.26	62736 	282	773	959
Kiwigreen	1067	7583	98.58	88321 	27	509	1,341
JTttk	1068	7582	98.39	54764 	27	687	1,089
UoooooN	1069	7580	98.82	52343 	139	1,030	862
Fleimi	1070	7577	98.96	36961 	16	530	875
ExpertBOT	1071	7577	98.65	78997 	105	798	529
Minu	1072	7576	99.61	59307 	483	1,462	407
Hakkero	1073	7574	97.89	121397 	986	2,681	667
GaTu	1074	7573	98.79	59309 	11	1,059	634
punikidesu-	1075	7571	99.07	107039 	456	1,872	443
Hot_Korean_Girl	1076	7570	98.65	46103 	8	187	335
Kinoro	1077	7570	99.33	56119 	681	2,036	1,267
Gumi_Rin	1078	7569	98.98	69098 	372	1,483	729
Kalvin	1079	7568	98.29	85136 	61	290	528
erictran0	1080	7567	98.74	35293 	77	1,054	779
Ducks	1081	7566	98.27	113619 	116	1,328	926
Ma_yin	1082	7565	98.44	94261 	64	1,535	820
sasakure	1083	7564	98.14	62635 	25	763	357
nasobol90	1084	7563	98.09	53323 	101	668	873
Burgerpower	1085	7563	99.02	51773 	64	807	939
Alice_Carroll	1086	7563	98.50	117839 	65	1,139	1,032
Villdjack	1087	7562	98.88	78589 	132	2,260	1,509
Jairod	1088	7562	99.61	85292 	2,635	3,304	1,800
wlkkk	1089	7562	98.73	89152 	49	783	623
-_2301_-	1090	7561	98.90	120087 	30	1,084	1,187
RealCuT	1091	7561	98.86	62222 	256	1,381	605
Price	1092	7558	98.82	112972 	23	348	573
SyoZohma	1093	7557	99.18	55300 	83	1,207	1,134
Y_o_u_Y_o_u	1094	7557	99.20	66365 	66	615	733
henarca	1095	7556	97.70	27736 	819	1,488	777
-Nanami_Aoyama-	1096	7555	98.68	32820 	161	1,737	618
IasiS	1097	7553	98.68	144301 	112	2,089	543
Riley	1098	7553	98.93	55000 	62	567	545
[_Nano_]	1099	7551	99.32	92275 	325	1,215	1,065
Wonder	1100	7548	99.41	85197 	631	1,379	944
Endie-	1101	7547	99.19	45379 	69	1,003	1,709
N_a_n_o	1102	7546	99.29	136716 	747	4,662	200
Rexeez	1103	7546	98.92	41480 	62	876	971
Kulezi	1104	7545	99.27	127818 	101	757	770
Minos_with_qsc	1105	7542	98.77	94754 	62	1,357	1,664
Summer_Solstice	1106	7540	99.22	99545 	82	1,168	982
-_Best	1107	7540	98.34	130120 	15	488	843
Akemi_Yume	1108	7539	98.05	62446 	73	1,173	1,030
S-e_r_v_a_l_y	1109	7538	98.77	58386 	88	1,366	937
13th_Seed	1110	7537	99.33	85663 	128	1,556	1,816
[Rem-Desu]	1111	7536	98.19	29258 	8	426	325
My_Angel_Yoshi	1112	7535	98.71	86855 	271	1,465	2,446
Shika	1113	7535	98.38	87799 	29	712	839
[-Koke-]	1114	7533	98.75	38291 	14	455	353
Tyguyy	1115	7533	99.00	102821 	71	1,072	1,410
elchxyrlia	1116	7532	98.47	66810 	38	783	846
Repulse	1117	7531	99.04	82394 	128	751	653
thouka	1118	7531	98.30	111914 	47	1,195	1,130
ichinose-san	1119	7531	97.35	48231 	27	712	1,131
Huang_Melin	1120	7531	99.60	74241 	232	2,611	423
L1NKED	1121	7531	98.84	90319 	115	1,560	1,230
LLoyd-chan	1122	7529	98.41	69368 	158	818	508
Horocchi	1123	7529	98.33	38551 	128	1,476	1,640
Ruikoo	1124	7529	99.17	101099 	58	650	200
-P0INT-	1125	7527	98.79	54182 	60	761	637
My_Angel_Chippy	1126	7524	98.37	64766 	138	2,163	946
Yusomi	1127	7521	98.41	127036 	86	1,723	1,136
Mont	1128	7521	97.30	67774 	16	322	308
Fumiko-	1129	7520	98.09	27468 	20	528	520
Tengu	1130	7518	98.68	67039 	161	1,786	1,120
DDM	1131	7517	99.27	40713 	194	619	548
Too_Slow	1132	7517	98.28	80050 	75	877	1,333
Lapis	1133	7517	99.07	36872 	116	740	521
Legestrophe	1134	7516	99.05	63608 	179	1,180	228
Katziezi	1135	7515	99.26	67472 	112	1,144	894
Granje	1136	7513	98.99	200000 	402	3,475	657
emu1337	1137	7513	99.01	77435 	252	3,258	3,261
Ivan	1138	7513	98.72	74649 	133	1,153	903
Golden-Lin	1139	7512	99.23	157502 	1,028	3,993	1,537
Hermatis	1140	7512	99.02	53328 	42	1,174	1,047
Digrick	1141	7511	99.29	90217 	871	2,187	340
ThePro365	1142	7511	98.56	73165 	51	866	701
Yuuzinho	1143	7511	98.75	80801 	115	749	615
Shiku	1144	7511	98.36	68191 	84	1,008	758
Valsora	1145	7510	98.59	57318 	57	1,036	899
Amane-	1146	7510	99.32	48642 	205	894	701
big_boob	1147	7510	99.02	122791 	241	3,573	2,158
hisuiironosora	1148	7509	99.10	65536 	50	1,204	802
kairasu	1149	7509	99.00	102874 	263	2,006	1,690
[NEX]	1150	7509	99.40	89247 	173	2,042	784
Miy	1151	7509	98.65	104647 	369	2,621	1,498
-Rei-	1152	7508	98.32	108582 	42	614	1,031
Electrovoid	1153	7506	97.78	28497 	8	415	487
emilow12	1154	7506	98.73	84903 	23	828	940
hlx_groden	1155	7505	99.09	58220 	83	808	392
Yukiyo	1156	7505	98.97	39180 	59	821	1,123
Blank-	1157	7504	98.52	36046 	41	1,088	750
Alleros	1158	7502	98.63	106747 	607	4,630	768
Nemitora	1159	7500	99.25	51055 	65	858	1,801
Optimism	1160	7499	98.82	67164 	229	1,803	695
avalanche	1161	7498	97.09	40871 	45	566	588
Duskuser	1162	7495	99.39	67909 	291	1,390	702
Slowest	1163	7494	98.84	94404 	114	790	484
bjbmw	1164	7493	98.92	119902 	119	761	476
Toonmasta	1165	7492	97.84	77914 	26	448	368
Pants	1166	7492	98.08	113746 	20	900	1,257
skySoranano	1167	7492	99.39	74676 	307	1,282	-1
Freckle	1168	7490	98.90	131614 	192	2,196	1,217
Weertypoi	1169	7488	99.08	50965 	66	930	556
Pandas	1170	7487	98.96	78371 	31	699	967
Gao	1171	7487	99.41	70501 	34	606	971
Jup3KW	1172	7486	99.33	42578 	13	463	706
Curvely	1173	7485	99.30	124538 	200	1,824	1,905
yandri	1174	7484	99.66	47366 	200	1,330	176
Marimgorgar	1175	7483	99.32	21854 	9	460	1,366
respektive	1176	7481	98.73	52090 	93	1,033	1,074
Lirufication	1177	7481	98.18	33670 	98	1,629	1,656
5EX	1178	7481	98.61	32963 	18	804	791
Arakune	1179	7480	99.17	27878 	47	650	813
_Mayuri	1180	7477	98.51	76673 	85	2,554	1,373
Kijoszi	1181	7476	99.15	89742 	112	590	607
Darkform	1182	7475	97.82	69691 	64	603	472
Mirinae-	1183	7474	98.65	42672 	47	554	931
skashiro	1184	7474	99.08	63811 	159	1,505	1,432
Pumbossable	1185	7473	98.60	94884 	43	966	637
K_i_w_i	1186	7472	99.25	47370 	46	623	316
[Sony]	1187	7471	98.07	39633 	187	1,389	699
sushimi	1188	7470	98.65	48209 	70	1,263	986
RoundNight	1189	7468	99.07	114788 	67	436	792
KonKonKinakoN	1190	7467	98.31	26755 	30	302	427
Curse	1191	7467	98.55	94309 	16	971	1,212
dat_boi_waffle	1192	7466	99.25	40349 	196	1,536	1,252
Toukai	1193	7466	98.84	115261 	702	3,691	323
Domino	1194	7465	99.03	32120 	68	943	1,167
Syfou	1195	7465	97.02	116732 	48	1,428	1,167
i_i	1196	7464	98.18	17072 	60	815	495
gtfo	1197	7463	99.19	65586 	508	3,376	846
Fl0nka	1198	7462	99.31	51149 	200	754	1,197
Peekamoo	1199	7461	98.54	77891 	100	1,664	1,817
[Custer]	1200	7461	98.90	112603 	45	877	1,160
-peachtea-	1201	7460	97.74	72424 	66	959	490
Seles	1202	7458	99.33	85418 	619	1,921	634
Manakura	1203	7458	98.58	38805 	33	852	820
Ketchup	1204	7457	99.30	60803 	147	1,229	1,960
Flosake	1205	7456	99.18	53162 	118	1,712	661
Apis	1206	7456	97.03	68942 	24	581	619
brianssa	1207	7455	99.04	60957 	24	868	774
Lolixir	1208	7455	99.50	69217 	502	1,336	503
[Raye]	1209	7455	98.67	34330 	60	705	455
-Eniglizx-	1210	7454	98.42	39304 	34	943	591
RhuvRCZ	1211	7454	99.06	48920 	30	394	935
Hime-	1212	7454	98.87	25875 	42	681	955
Moegi	1213	7453	99.32	32470 	137	1,138	284
[Trinity]	1214	7452	98.81	58526 	101	1,632	986
Super	1215	7451	99.32	61920 	80	1,007	1,002
Fawx	1216	7451	99.10	40421 	108	790	1,462
KeigoClear	1217	7450	99.23	100249 	303	945	597
GachiYuri	1218	7449	97.60	105653 	25	891	1,321
AYhaz	1219	7447	98.58	93278 	41	852	794
SteRRuM	1220	7446	99.18	60567 	137	657	636
21_sucks	1221	7445	99.00	62305 	58	2,205	1,141
AngeLDarkness	1222	7445	99.46	115875 	702	1,372	544
rnfma6228	1223	7443	97.94	24491 	39	481	453
Juandissimo	1224	7443	98.71	35318 	23	574	566
_shinji	1225	7442	98.75	71463 	75	745	630
Fr0th	1226	7442	98.42	64409 	80	1,286	307
-PC	1227	7440	99.28	79762 	282	1,076	988
Summer	1228	7439	99.21	71751 	348	2,503	1,071
blednak	1229	7437	98.93	161120 	188	1,875	710
GaCiel	1230	7436	98.59	35505 	45	403	355
Noobsicle	1231	7436	99.23	24484 	101	1,221	1,507
Glinky	1232	7436	99.34	75000 	98	608	686
ToucheDeVelour	1233	7434	97.61	48131 	152	3,001	1,128
Nikosbks	1234	7434	99.10	70383 	149	946	640
Chippy	1235	7431	99.64	65637 	76	548	730
baobob	1236	7431	98.22	52198 	78	1,487	875
Pengrio	1237	7428	98.86	52031 	22	506	955
Mareyo	1238	7428	99.27	87689 	288	3,402	1,683
explosionboom	1239	7427	99.22	48128 	66	654	635
Fyre	1240	7427	98.29	68084 	188	595	529
Golpad	1241	7427	99.28	46277 	102	614	687
D1nack	1242	7426	98.30	54640 	105	1,048	1,231
sardine0221	1243	7424	98.79	81912 	222	2,884	791
NeruNeru	1244	7423	98.42	89732 	111	1,546	520
IstackNeko	1245	7423	99.08	105128 	124	1,129	519
Ro_Neko	1246	7422	98.00	42038 	61	1,348	527
Bry_Guy	1247	7422	99.42	71410 	68	436	672
jeydude	1248	7422	98.91	64037 	283	2,604	629
lucasiturrarte	1249	7422	99.09	211615 	232	1,596	1,082
[_Destroid_]	1250	7419	99.08	67299 	38	580	567
Fetish	1251	7419	98.96	74774 	63	907	822
Stajlsu	1252	7417	98.98	152920 	70	942	1,054
Corelith	1253	7417	99.07	61618 	53	795	1,015
My_Angel_Anzu	1254	7417	98.63	82207 	62	909	745
-Urushihara-	1255	7414	97.81	56848 	88	1,026	468
-Kanzaki	1256	7413	98.97	91109 	221	1,470	910
Penguin_UwU	1257	7413	99.75	62606 	187	586	355
twenty	1258	7410	98.18	46767 	12	449	463
Lettuce	1259	7410	98.52	58391 	85	841	1,455
MedMango	1260	7409	97.88	94691 	11	694	570
Angeljim	1261	7408	97.66	100840 	57	1,929	1,100
_DerF	1262	7408	99.24	33292 	39	428	359
The100500	1263	7408	99.17	77439 	44	649	627
N2U	1264	7408	98.46	35158 	87	924	1,398
overcomplexifii	1265	7407	99.21	57525 	21	722	645
Desew	1266	7407	98.75	88563 	41	805	1,251
Muuki	1267	7407	98.98	72473 	215	1,805	462
Everywhere	1268	7406	98.96	58477 	41	524	862
FreshMint	1269	7406	97.88	80552 	56	432	551
ShuFunG-	1270	7405	99.34	54738 	72	799	895
pielak213	1271	7404	99.02	51577 	10	2,510	633
Tekkito	1272	7404	97.91	33966 	19	357	552
Pyaaa	1273	7404	98.81	66937 	66	667	876
-_Menma-	1274	7401	99.10	78750 	53	614	534
Rhijitsu	1275	7401	98.94	76180 	91	1,563	833
Ice_Angel	1276	7399	98.46	54978 	33	503	486
-CloudStrife-	1277	7398	98.26	107563 	25	651	869
Xtra	1278	7397	99.24	73666 	35	625	717
-okaysonz-	1279	7397	97.80	41566 	10	286	198
ima	1280	7397	99.12	15145 	5	96	297
[Neko-Chan]	1281	7397	97.35	68810 	11	278	664
Mombei	1282	7396	98.91	17962 	36	246	400
BartekBBBBB	1283	7396	98.94	79431 	124	986	1,243
Lilily	1284	7396	99.03	79628 	1,090	1,378	1,515
-minami_kotori-	1285	7395	98.01	79566 	11	585	759
napaleon	1286	7392	99.22	50330 	14	1,348	480
Jumbo	1287	7392	98.34	61291 	14	344	392
Tohru	1288	7391	98.43	98824 	94	1,858	655
Husk	1289	7390	99.12	91374 	70	1,528	1,017
Yumia	1290	7388	99.22	70558 	181	1,285	888
Flezlin	1291	7388	95.97	61612 	0	335	484
Nuggel	1292	7388	98.30	60129 	32	640	481
-o-	1293	7388	98.92	26879 	3	320	412
PainSinger	1294	7387	98.54	91286 	366	694	289
DigitalHypno	1295	7384	99.79	65637 	1,427	587	-36
DerpyPengu	1296	7384	96.90	62320 	8	521	643
Malvin	1297	7383	98.52	56852 	37	428	391
Carretto	1298	7383	98.59	99750 	2	494	908
Dymond	1299	7383	98.62	41728 	3	291	484
SrSkyPlayer	1300	7382	99.11	50297 	63	1,209	790
Bupper	1301	7382	99.17	81230 	554	1,340	1,646
Redmoss	1302	7381	98.67	85422 	148	1,285	858
Pavkil	1303	7381	98.72	82456 	32	717	814
-DuckLeader-	1304	7380	99.29	58126 	41	291	45
listless	1305	7380	98.60	98646 	88	851	774
Envy_ss	1306	7380	97.91	58811 	41	867	484
alkalde	1307	7379	98.19	53163 	68	659	547
Seelder	1308	7379	98.76	53370 	23	335	478
shineroo	1309	7377	98.89	36808 	36	439	614
-Ekik-	1310	7377	99.63	49753 	194	844	448
mosvannen	1311	7376	98.61	47364 	16	486	967
Meg	1312	7375	99.30	157833 	600	1,833	954
Bloodyguol	1313	7375	97.39	66348 	64	1,189	875
Puzzle	1314	7375	99.23	104464 	74	2,384	2,392
Abu	1315	7371	98.64	83824 	63	1,366	523
gonzup	1316	7371	99.79	10192 	59	90	3
Just_A_M0nk	1317	7371	99.01	181949 	186	3,525	933
BkrilL	1318	7370	97.81	34048 	11	541	804
swtk	1319	7369	99.02	93346 	49	840	659
Ayane	1320	7369	99.33	91863 	482	908	301
FINGERLOCK	1321	7367	99.33	83486 	130	668	472
[_YukiNone_]	1322	7367	98.08	46529 	98	859	541
e7793279	1323	7366	99.01	55578 	21	654	610
PeaChick	1324	7365	99.48	181529 	418	2,180	391
So_Amy	1325	7365	98.80	68247 	192	807	289
Tobi	1326	7365	99.20	121551 	78	1,228	1,011
zelda102	1327	7364	98.93	49821 	402	4,456	543
TheKoala	1328	7364	98.67	49007 	22	467	381
-_Lloyd_-	1329	7364	99.47	37530 	472	1,633	581
Megatron_is_bad	1330	7364	97.35	59070 	37	1,014	878
Desumond	1331	7363	99.14	67360 	169	898	964
DaDobster	1332	7361	99.10	61068 	23	411	303
blitzzzard	1333	7360	96.68	54747 	14	537	494
Potatorz	1334	7358	98.69	79372 	142	1,192	1,241
KingLizardYT	1335	7357	97.66	70292 	16	706	994
Rixia_Mao	1336	7357	97.71	20932 	37	766	184
Doge_Owner	1337	7357	98.95	64799 	216	988	659
space_potato	1338	7355	98.45	34392 	34	540	523
Dinoxe	1339	7354	99.37	48192 	24	468	560
ohiyaa	1340	7354	98.87	86771 	185	2,109	1,024
CookEasy	1341	7351	99.10	139340 	110	1,411	1,399
Rtyzen	1342	7351	94.99	34047 	52	1,355	962
util	1343	7350	98.20	68344 	21	908	1,223
Juno	1344	7349	99.53	56852 	100	1,178	562
Davyroo	1345	7348	98.78	54655 	46	1,070	1,103
Loazo	1346	7346	98.11	53418 	43	606	813
RealizeNezumi	1347	7346	98.89	17367 	11	257	545
Senjougahara_H	1348	7344	96.48	43836 	27	529	686
-Anastacia-	1349	7344	98.69	44304 	48	778	711
Aotoleen	1350	7342	98.53	67113 	46	456	662
Jacob	1351	7342	98.76	57155 	84	733	773
EreCuLu	1352	7342	97.20	58465 	164	2,085	366
_verto_	1353	7341	98.67	85771 	105	3,632	1,407
KagaR	1354	7341	98.87	73301 	149	1,619	855
InabaTewi	1355	7340	99.04	98059 	289	2,041	287
cannedfruit	1356	7339	99.59	53509 	162	513	467
Soly	1357	7338	98.43	56999 	42	1,075	1,105
rys	1358	7336	98.00	49707 	34	556	730
mby	1359	7336	98.83	51190 	38	3,261	380
Myth	1360	7336	98.69	43420 	71	1,072	468
xAssassin	1361	7336	98.62	124563 	306	2,494	542
goto99	1362	7335	99.22	62774 	58	403	676
--w--	1363	7334	98.08	52848 	12	450	1,059
Grapheon	1364	7334	98.55	128296 	20	570	580
Shiratu	1365	7334	99.48	42796 	252	1,386	747
SIMONETRAPANI	1366	7334	98.57	47333 	19	543	624
bossan	1367	7334	99.39	61103 	461	2,183	1,344
Fuyu	1368	7332	98.87	122156 	382	2,798	567
Gio	1369	7332	98.91	99386 	30	1,408	568
96013M88	1370	7330	96.80	99669 	26	492	787
Vocal	1371	7330	98.68	95138 	76	1,140	964
Haiyu	1372	7329	98.75	23456 	14	407	656
My_Angel_Kouko	1373	7329	99.24	84372 	83	1,513	3,176
AIoli_Sauce	1374	7328	98.98	125398 	15	738	1,532
LukenSkyne	1375	7328	99.27	17172 	137	619	286
Aoiyuuki-	1376	7328	99.27	20671 	396	1,248	71
twofor199	1377	7327	98.68	59164 	28	620	891
Big_Z	1378	7327	99.22	60766 	216	1,160	481
-_Matha_-	1379	7326	98.48	39274 	26	486	357
D_u_c_k_y	1380	7325	98.48	87948 	26	687	886
Benton	1381	7325	98.61	69950 	87	971	625
Karuna	1382	7323	99.08	45550 	111	1,080	1,161
[_Blue_]	1383	7322	98.75	46514 	67	654	453
Xim	1384	7322	98.66	53865 	68	898	1,051
FlashoFoSho	1385	7321	96.64	76809 	21	392	528
Kenshin	1386	7321	98.80	88442 	174	969	722
Snowio	1387	7320	99.34	129547 	890	2,185	816
SoRayZe	1388	7320	98.78	120880 	170	1,707	905
TehJulppu	1389	7319	97.71	65370 	6	205	479
Lolzep	1390	7318	98.66	23774 	90	1,129	842
Kiminimo	1391	7318	98.74	47266 	76	988	394
Playboy	1392	7318	99.37	84205 	435	2,706	977
[_Rianyang_]	1393	7317	99.34	90853 	141	1,070	1,438
MAJINAx	1394	7316	99.40	40216 	182	883	811
Raishu	1395	7315	98.73	42430 	44	1,187	642
KoTo	1396	7315	98.82	153979 	90	2,432	1,053
FzimoNN	1397	7313	98.99	63913 	258	1,358	114
Houkago_Stride	1398	7311	98.60	30110 	13	438	448
Nykke	1399	7311	98.20	67649 	60	529	539
[_nong422_]	1400	7310	99.12	46921 	67	621	329
[_nong422_]	1401	7322	99.14	47031 	67	622	336
FlashoFoSho	1402	7322	96.64	76869 	21	392	528
Kenshin	1403	7321	98.80	88442 	174	969	722
SoRayZe	1404	7320	98.78	121124 	170	1,708	909
MAJINAx	1405	7320	99.40	40383 	183	884	812
Lolzep	1406	7319	98.66	23905 	91	1,129	852
Kiminimo	1407	7318	98.74	47277 	76	988	394
Playboy	1408	7318	99.37	84213 	435	2,706	977
Raishu	1409	7315	98.73	42430 	44	1,187	642
KoTo	1410	7315	98.82	153979 	90	2,432	1,053
Yentis	1411	7313	99.39	47983 	185	2,520	964
FzimoNN	1412	7313	98.99	63918 	258	1,358	114
TKyoko	1413	7312	98.71	59679 	101	785	352
Cres	1414	7312	99.27	103344 	931	4,539	987
Houkago_Stride	1415	7311	98.60	30110 	13	438	448
Forseen	1416	7310	99.20	210416 	924	2,968	81
kLeptO	1417	7309	99.02	80745 	14	522	732
Gnuu	1418	7309	98.94	134852 	93	1,695	1,194
Cornfield	1419	7309	99.22	60468 	144	1,118	831
[_Kuro_Usagi_]	1420	7309	98.95	86730 	586	2,400	1,009
Lotte	1421	7308	98.88	60578 	129	1,174	640
Div	1422	7307	99.02	45617 	40	450	701
Kyschel	1423	7307	99.31	88452 	44	533	588
-Lolisim-	1424	7306	99.30	43360 	94	949	670
Slips	1425	7306	98.97	54456 	91	1,240	578
Otters	1426	7303	99.17	52869 	61	396	478
aqing1717	1427	7303	97.69	95690 	7	1,846	1,271
Zhen_Ji	1428	7303	99.47	56501 	180	1,219	1,485
Pizzarro	1429	7302	98.92	52335 	311	1,020	867
Zprait	1430	7301	99.18	50125 	352	805	511
Zola	1431	7299	99.57	29621 	69	560	474
Krakence	1432	7298	99.09	25107 	102	472	440
val0108	1433	7297	98.52	95142 	106	3,265	1,520
Distant_years	1434	7297	98.76	46222 	69	1,589	1,011
Remilia-yuu	1435	7297	98.41	126753 	23	497	538
Alpinum	1436	7296	98.98	15205 	14	438	811
My_Angel_Hibiki	1437	7295	95.68	36442 	46	366	410
Korean_Girl	1438	7295	98.90	26991 	26	580	368
xXKorreal420Xx	1439	7293	98.87	50869 	90	665	273
[_HKZ_]	1440	7293	99.06	80456 	2,973	904	989
fs000	1441	7292	99.12	73402 	238	2,059	631
Destiny9	1442	7290	99.13	46991 	27	626	718
allives	1443	7289	98.46	96630 	77	807	471
pudingkokoro	1444	7289	99.30	85216 	1,263	603	160
Ainyannnnn	1445	7289	98.92	64753 	77	1,116	560
[_Niku_]	1446	7287	99.47	69861 	75	1,194	1,240
ibrocky	1447	7285	98.70	81223 	64	1,458	1,057
-_Croma_-	1448	7285	98.43	102033 	192	1,936	1,761
zin	1449	7285	98.24	48128 	158	1,270	974
snowrain	1450	7285	97.54	121180 	623	2,002	635
Tentsuki	1451	7284	98.75	93814 	112	1,692	912
jvt	1452	7284	98.68	39001 	30	699	1,098
Eiikon	1453	7283	97.94	101051 	111	1,207	668
Boxes	1454	7283	98.92	39601 	30	899	932
vrexoh8624	1455	7282	98.02	63143 	9	321	337
Node	1456	7282	99.24	56222 	153	535	743
JaeSu	1457	7281	99.18	52546 	30	687	490
Maivo	1458	7280	98.79	55933 	10	485	460
Kysteria	1459	7278	98.99	49755 	132	1,485	1,537
Meticulous	1460	7278	98.32	19236 	95	662	579
Momoka	1461	7278	99.23	56517 	132	937	579
[banana]	1462	7277	98.75	84565 	185	1,909	655
[_Micaloda_]	1463	7277	99.00	50819 	117	320	138
-_e_-_v_-_b-	1464	7277	99.29	54483 	45	809	839
Chuquebecois	1465	7275	98.07	53669 	12	605	948
Tooko_Amano	1466	7275	98.80	101619 	77	874	1,293
Ciera	1467	7275	99.26	80817 	752	3,393	560
JuZu	1468	7275	99.01	49017 	34	1,055	811
Capu	1469	7270	99.28	54130 	57	790	871
Vendemmia	1470	7269	99.16	91090 	473	2,210	560
BLooDBuRSTiNG	1471	7267	98.74	62867 	22	590	602
NH2-Suika	1472	7267	98.94	13984 	35	473	637
zisamEr	1473	7267	99.57	39776 	1,404	1,236	370
Legless	1474	7267	98.83	69215 	48	1,362	713
LastKiss	1475	7266	98.96	84678 	56	1,008	687
Elferj	1476	7265	98.58	96462 	18	544	661
raycoN	1477	7265	99.11	106155 	58	712	640
Trigg	1478	7263	99.28	82366 	77	811	502
Snase	1479	7263	99.19	49157 	87	740	713
Cecile	1480	7263	98.91	96625 	268	2,017	654
Ezipie	1481	7263	98.53	108879 	10	604	634
Kayne	1482	7263	98.93	77663 	520	1,614	410
Haruhi-	1483	7261	99.29	95190 	334	1,202	987
iCurse557	1484	7261	98.55	51780 	15	477	894
TrickMirror	1485	7261	99.02	166351 	457	3,659	1,255
hlanden	1486	7261	99.35	104681 	184	1,142	1,481
ToGlette	1487	7261	99.18	66776 	345	1,890	1,949
mithew	1488	7260	97.96	110710 	69	643	786
YokesPai	1489	7259	98.04	32335 	21	594	324
PudiPudi	1490	7259	99.20	83977 	128	1,739	687
bubbagumperson	1491	7257	99.14	66717 	230	1,402	1,989
6974892	1492	7255	99.17	24801 	9	542	368
pocky310	1493	7254	98.31	66338 	68	1,390	1,749
Radiateur	1494	7254	98.66	43198 	143	1,113	838
MrAvocadoMan	1495	7253	98.28	50884 	26	620	1,135
oribe	1496	7253	97.42	125611 	44	1,302	415
Weber	1497	7251	99.29	36498 	171	953	924
Rippu	1498	7250	99.18	58380 	29	521	911
ahegao	1499	7250	98.80	61858 	107	657	735
Osama	1500	7250	98.84	126980 	63	1,446	1,003
sebek64	1501	7250	98.35	43076 	42	703	395
YuLi	1502	7249	99.01	101087 	178	1,529	936
mukaitou	1503	7248	99.59	96579 	827	1,313	1,033
ROZPIERDALACZ	1504	7246	95.52	42495 	7	403	796
Guiz	1505	7246	99.26	51533 	66	726	612
HoriTatsuka	1506	7242	98.87	51985 	14	530	528
quattro_cani	1507	7242	98.60	56738 	11	551	703
TrySail	1508	7241	99.32	44083 	44	515	548
Hime_Lotus_-	1509	7241	97.85	82270 	39	1,305	389
Betwin	1510	7240	98.36	44224 	39	998	1,148
Iliekwaffles	1511	7240	98.20	40522 	7	322	258
Azers_Mom	1512	7238	98.71	52443 	20	369	571
yykkrr	1513	7238	98.04	23917 	30	1,063	1,397
_AfterWind	1514	7238	99.16	61950 	137	1,213	1,056
Acarsky	1515	7237	98.50	78100 	112	1,728	899
lee82088	1516	7237	97.87	37508 	21	623	1,048
iDevilous	1517	7236	98.45	44846 	15	320	545
RyoidenshiSama	1518	7235	98.96	65344 	141	969	609
Nibu	1519	7235	99.26	52871 	36	728	673
KingKitsaer	1520	7234	98.88	56215 	84	511	340
Kungen	1521	7233	98.71	110655 	33	1,116	1,425
Ernte23	1522	7233	97.98	46446 	6	296	689
Xantaria	1523	7232	99.13	47516 	73	1,073	990
Lee_Jung_Hyun	1524	7232	97.16	59855 	55	1,199	771
Thunderbolt235	1525	7231	99.52	114765 	785	1,280	987
Fenan	1526	7231	99.05	93534 	174	1,476	465
Salazarino	1527	7231	99.36	47841 	229	1,139	407
Rewolution	1528	7230	99.31	108119 	1,364	2,590	449
Tell	1529	7229	99.33	24200 	59	523	631
Aragami	1530	7229	98.64	76818 	36	905	995
Trivium	1531	7227	98.18	89287 	36	861	777
Near-N	1532	7227	98.22	12501 	8	191	449
death_grips	1533	7227	98.75	76644 	83	513	579
vick	1534	7227	99.12	70668 	179	1,041	686
Poteha	1535	7225	98.88	113157 	90	1,153	971
SanteriP	1536	7224	99.02	9586 	42	435	589
-Tofik-	1537	7224	99.19	109500 	112	645	762
kuroino[ni-so]	1538	7223	98.59	51400 	27	653	1,399
Ekoro	1539	7223	98.34	80306 	181	1,136	593
Temprrr	1540	7222	98.32	45194 	22	600	640
N_a_n_a_m_i	1541	7221	98.27	65081 	38	1,149	746
Zboys	1542	7221	99.41	71783 	182	1,767	580
7_K_e_n_a_n_a_7	1543	7219	97.50	105711 	33	401	502
Chtioploute	1544	7218	98.45	63066 	82	707	820
xXmcgamer2004Xx	1545	7218	99.15	108524 	101	1,710	2,044
Niksukii-Senpai	1546	7217	98.60	91930 	97	2,180	983
Fumax	1547	7217	99.40	55471 	179	838	1,424
Forget_me_not	1548	7215	99.49	49838 	157	1,218	1,144
blizzardice	1549	7214	93.12	30661 	14	314	445
pp447576	1550	7213	99.17	40745 	133	1,192	1,002
Betarift	1551	7212	96.44	84434 	26	755	451
konawiki	1552	7212	99.22	76353 	11	400	159
Dragonmob	1553	7212	93.65	24247 	3	140	316
Exp0nent	1554	7212	99.37	44936 	42	345	583
Xenou	1555	7211	98.70	84247 	22	664	841
Dare	1556	7211	99.24	69082 	131	1,760	1,245
Oreon	1557	7210	98.72	65585 	114	1,481	882
ThePainG7	1558	7210	98.62	102616 	32	863	970
Ruru	1559	7209	99.09	62324 	135	1,414	415
KebinTea	1560	7208	98.71	59869 	109	1,005	1,228
-_s_t_e_n-	1561	7208	99.13	42813 	30	570	229
CptAncient	1562	7205	97.27	47694 	33	705	572
Poofie	1563	7205	99.12	73257 	69	1,167	1,662
[Vu]	1564	7205	99.90	35052 	198	525	233
Nyari	1565	7203	98.32	58931 	26	1,053	1,038
Qchan	1566	7203	98.19	49595 	58	864	487
heikneuter	1567	7203	97.69	106113 	1	257	495
PoteznyBartosz	1568	7203	98.11	53431 	83	454	411
Z1nc	1569	7202	99.09	55322 	29	533	364
_derp	1570	7201	99.10	52487 	74	1,383	1,396
Levi_Taichou	1571	7200	98.74	47492 	77	1,121	899
borumi	1572	7199	98.76	24622 	33	477	705
DubiosSchiffer	1573	7197	98.30	81876 	27	948	319
Fixr	1574	7197	99.12	66808 	31	1,237	1,556
ByYoshi14	1575	7196	98.98	48932 	63	602	584
Lunaii	1576	7195	99.09	55314 	510	1,567	847
bules2	1577	7195	98.63	45163 	36	616	1,146
Lafarius	1578	7194	98.83	56621 	30	537	576
Manu028	1579	7194	99.31	66410 	98	827	1,185
SteffoST	1580	7193	98.42	40232 	24	693	1,065
One_Miss	1581	7192	99.31	103002 	108	1,369	1,580
cavoeboy	1582	7191	99.00	26975 	44	613	1,416
Minil	1583	7191	98.53	46191 	23	473	212
Thundur	1584	7190	98.75	107427 	267	951	1,247
Coolgav	1585	7190	98.55	72594 	76	1,234	1,671
Shott	1586	7187	99.35	181019 	79	1,713	1,402
Kaine	1587	7186	98.17	24542 	67	627	507
quipo	1588	7185	98.64	28021 	12	429	649
Pain	1589	7184	99.32	90559 	385	1,660	601
vetochka	1590	7184	98.55	90345 	31	1,170	1,189
Ultimatum	1591	7184	99.23	39357 	164	1,408	1,132
dezodor	1592	7182	98.83	10725 	10	174	306
Nashiro-	1593	7181	99.30	74821 	77	816	717
Asahi	1594	7180	99.24	136308 	287	4,056	416
Rudii	1595	7180	98.84	44568 	56	1,100	778
Zelnehuln	1596	7178	98.55	48881 	57	680	766
Blondazz	1597	7177	99.09	52485 	65	590	495
Kup92	1598	7176	98.87	94781 	54	1,596	781
CatsOnAcid	1599	7176	99.15	79760 	45	1,288	608
ElektroFire	1600	7176	99.07	32115 	113	1,282	1,349
AceofSpades77	1601	7175	99.20	41315 	128	1,366	1,215
laibin	1602	7174	98.30	30189 	32	828	441
deyo	1603	7173	98.27	42001 	180	1,658	499
Regou	1604	7173	98.66	77127 	79	856	502
Sonoda_Umi	1605	7173	98.38	199999 	155	2,973	952
er1cch3n	1606	7173	99.20	30368 	59	360	403
Applause	1607	7171	99.03	68662 	83	522	304
WhiteLily	1608	7170	98.64	48601 	48	823	421
OK_Kenny	1609	7167	99.06	52241 	36	684	590
Niel	1610	7166	98.00	84574 	6	418	329
WeanXianzheng	1611	7165	99.17	52047 	113	1,243	371
Bureizu	1612	7164	99.09	66734 	185	1,101	606
RoboTripSenpai	1613	7164	98.81	27150 	67	869	1,003
tomatoh4wk	1614	7164	99.09	47967 	19	997	861
[-_Nishi_-]	1615	7163	98.32	50482 	192	2,188	552
Bladma	1616	7162	98.52	48939 	62	719	949
morikuso	1617	7161	98.55	55082 	98	1,820	1,087
JedahEX	1618	7161	99.59	23702 	559	19	0
Salvage	1619	7160	99.46	102760 	936	6,034	10
PunkyBoy	1620	7159	98.59	86291 	86	1,861	1,334
Susano	1621	7159	96.97	55961 	34	654	601
[MoorE]	1622	7159	98.52	85274 	92	1,118	512
mentalw	1623	7158	99.10	56419 	52	1,117	894
Lea	1624	7158	98.63	96424 	95	1,133	1,190
Palivion	1625	7157	98.96	29901 	18	505	851
Subbie	1626	7156	99.31	140011 	2,325	1,587	157
chokma	1627	7156	98.81	26342 	51	412	267
Yukino_Miko	1628	7156	100.00	124748 	4,839	20	133
SupremeChaoss	1629	7153	98.32	73653 	52	782	665
mook	1630	7152	99.40	120305 	104	606	395
Fl0master1337	1631	7152	99.37	50030 	434	1,786	579
Shaww	1632	7152	98.64	45891 	211	1,370	1,417
Kymera	1633	7151	98.47	58991 	86	1,582	1,405
[_-Sora-_]	1634	7151	98.40	65659 	15	481	728
Araragi_Karen	1635	7149	99.35	60439 	167	1,436	1,613
mrqsz	1636	7147	98.99	47787 	58	384	384
potatoes	1637	7147	98.91	44542 	25	490	620
Noiraku	1638	7146	99.07	138237 	152	3,100	599
KiTeaa	1639	7146	98.48	61676 	147	1,071	344
cezgru	1640	7146	98.45	72065 	50	665	624
FANTAstic	1641	7145	99.25	33112 	70	1,118	804
Getus_Rektus	1642	7143	99.21	48188 	95	1,279	762
ThatRandomguy	1643	7142	98.93	45146 	33	720	304
WeirdAlYankovic	1644	7142	97.69	37156 	573	1,394	1,301
Espaas	1645	7142	99.25	74278 	620	1,653	777
Woobowiz	1646	7141	98.85	85659 	53	740	751
_Forse_	1647	7139	98.22	27369 	17	599	828
anticlown111	1648	7139	99.18	51606 	175	2,443	695
BAKKALO	1649	7138	97.61	67231 	20	572	712
Mazzerin	1650	7138	99.31	55930 	57	1,458	438
_kotachi_	1651	7137	98.64	90334 	44	427	528
Jordan	1652	7137	98.90	135832 	574	3,043	1,750
Leftiezi	1653	7136	99.61	65671 	321	967	1,851
ezu	1654	7135	98.63	58109 	14	381	488
Loaf	1655	7133	98.86	32558 	46	597	1,107
Kert	1656	7133	98.59	158628 	394	2,080	1,120
Kenny	1657	7131	98.80	119559 	497	1,259	355
Miu_Matsuoka	1658	7131	98.44	35503 	164	1,290	329
Azure_Desu	1659	7130	97.88	75692 	42	795	567
Clyine	1660	7130	98.50	57402 	34	1,486	1,146
Dizvo	1661	7130	99.22	37392 	79	403	360
waezone	1662	7129	98.98	41892 	27	577	884
Fuma	1663	7129	98.78	92018 	99	768	671
Shleffles	1664	7128	99.08	39506 	51	635	761
SevenTeen-	1665	7127	98.86	72420 	50	2,021	576
0203okaT	1666	7126	99.20	58247 	452	3,155	343
YuaKKuma	1667	7126	99.34	150160 	1,271	5,409	592
Glazbom	1668	7125	99.31	139878 	309	3,482	1,030
TheWildTree	1669	7123	99.54	69035 	426	1,427	661
Neko_Mimi	1670	7123	99.16	94524 	999	1,019	584
_Ariel_	1671	7122	99.48	60617 	322	816	249
Nozomii	1672	7121	99.30	63183 	86	616	761
Lufu	1673	7121	98.01	41662 	41	752	413
Passara	1674	7121	98.26	87338 	19	1,323	1,457
Tilted_af	1675	7119	98.71	63939 	43	968	581
zakipwnz	1676	7119	99.14	95561 	215	2,292	882
Lucid_Astray	1677	7118	99.06	96454 	109	1,980	1,232
seegii	1678	7117	99.21	71521 	240	1,596	1,329
Alkees	1679	7117	98.84	63910 	85	858	407
haxsu	1680	7115	98.96	163704 	160	1,290	978
Jukkii	1681	7112	99.08	64640 	340	1,639	71
Hakura	1682	7111	99.15	41373 	53	658	754
BygyJoel	1683	7111	98.85	61442 	608	1,803	910
9eater	1684	7111	98.17	23686 	23	285	404
Mikoto	1685	7108	99.37	96540 	2,174	3,876	8
First_Love	1686	7107	98.98	43907 	117	1,030	801
Salopenidas	1687	7107	98.92	51704 	207	1,426	815
_vu69	1688	7107	99.28	53827 	65	742	796
Not_Tomori	1689	7106	98.97	22593 	44	446	831
jtpetino	1690	7106	99.11	64105 	56	680	1,100
Chinese_Yazi	1691	7105	98.98	70176 	87	1,331	2,074
Explosion007	1692	7105	98.42	51909 	29	414	426
Ambre	1693	7104	98.74	80865 	28	890	728
markii	1694	7103	98.50	37838 	8	461	728
dkdfldpxk159	1695	7102	98.30	16895 	9	284	411
Dzyre	1696	7102	98.82	76572 	38	997	409
NicoSan	1697	7102	98.81	60111 	10	769	823
Mind	1698	7100	98.97	107906 	79	691	598
Crafticious	1699	7100	98.64	53505 	30	375	541
4ikos	1700	7099	99.49	60990 	307	1,593	1,196
[_Beatrice_]	1701	7099	99.65	166527 	4,273	3,323	181
AfricanMonk	1702	7099	97.14	47732 	13	710	547
Leissss	1703	7098	97.36	37628 	15	537	455
a_humble_duck	1704	7098	98.62	58331 	33	438	784
Zodark	1705	7098	98.98	75435 	64	972	1,603
rrtyuki	1706	7097	99.19	20957 	20	341	869
-BronzeKen	1707	7096	97.99	63309 	14	957	801
Appleti	1708	7095	98.99	45131 	85	1,011	-5
zuge	1709	7095	96.38	63413 	21	932	618
ruruuJr	1710	7095	99.23	57267 	79	1,196	1,169
Beenrz	1711	7094	98.81	33231 	35	574	576
Corompus	1712	7093	98.76	83559 	140	1,074	1,209
Nano_List	1713	7093	97.86	32553 	3	293	495
Neva	1714	7093	98.62	5090 	15	215	123
Keirun	1715	7092	98.66	58592 	19	725	644
Deyv	1716	7092	99.06	45346 	79	774	1,616
cbunny	1717	7091	95.88	65721 	3	1,061	856
Death_Zone	1718	7090	99.52	22174 	150	917	218
Badcat	1719	7090	98.65	105225 	34	515	191
MrFuture	1720	7090	98.90	59712 	45	323	334
Russy	1721	7089	98.67	66097 	23	1,269	946
Visemir	1722	7089	99.19	70237 	111	919	1,055
Cherie	1723	7088	99.31	14564 	121	364	2
Nectarine	1724	7088	98.96	68675 	67	813	601
-Nemesis-	1725	7086	98.71	62966 	141	1,650	1,624
Rika_Furude	1726	7086	98.77	32703 	44	531	1,001
Kosmonaut	1727	7086	98.83	63423 	30	1,014	687
Wynner	1728	7084	98.98	76117 	37	651	679
Ashes	1729	7082	99.36	84176 	45	362	357
DrayZess	1730	7082	98.98	49773 	14	560	619
ShiraKai	1731	7081	98.86	69874 	463	2,777	681
Chug	1732	7079	95.50	99999 	0	354	381
Seinaru	1733	7078	98.52	50681 	8	274	690
PentaFish	1734	7077	98.17	48658 	12	215	226
[_Splash_]	1735	7077	99.24	63010 	953	1,539	783
smau5	1736	7077	98.72	77495 	21	708	859
ImpurePug	1737	7077	98.82	78819 	21	401	631
sullyjhf	1738	7076	99.03	44369 	81	1,108	1,375
Dakara	1739	7075	98.22	58470 	21	567	642
MentaLoli	1740	7075	98.88	87093 	60	1,075	1,637
Black_fires	1741	7075	98.94	55781 	95	921	411
Distracted	1742	7074	98.78	82494 	50	716	763
Melt3dCheeze	1743	7073	99.06	86455 	106	1,271	209
ShaneLiang	1744	7070	97.97	42303 	18	515	688
Miucs	1745	7069	98.67	88671 	183	964	707
cristi2708	1746	7069	98.88	62021 	70	759	527
-Ranndom-	1747	7068	99.16	75982 	288	1,444	1,091
SpellStorm	1748	7067	99.45	57433 	685	845	798
jeanzy	1749	7067	99.02	55457 	36	889	1,208
Startrick	1750	7066	99.24	85675 	276	908	453
Fichi	1751	7066	97.32	103776 	94	641	519
Sanctus	1752	7066	98.92	66490 	289	1,736	228
Taikuta	1753	7065	98.92	78626 	167	1,594	829
rooodi	1754	7065	99.01	84299 	38	612	670
AlexXerox	1755	7064	97.78	114653 	62	1,526	1,263
ReiKatt	1756	7063	99.34	64003 	94	898	2,094
Ritka	1757	7062	96.67	32123 	3	216	182
DukeOfDoom	1758	7061	99.04	40985 	29	676	803
Chi_ki	1759	7061	99.62	62587 	541	1,878	414
Nefox	1760	7061	99.20	57230 	39	490	460
iwakou	1761	7061	99.26	83373 	114	1,101	492
kittenrequiem	1762	7060	98.87	88447 	104	865	1,945
yuuchao	1763	7060	99.75	176852 	1,748	753	93
Shimox	1764	7059	98.58	161844 	295	2,136	1,400
Specksan	1765	7059	99.41	89976 	152	568	891
Qinec14	1766	7058	99.08	103219 	55	768	760
-AnatA-	1767	7058	99.00	58168 	26	651	486
K_N	1768	7057	99.26	61770 	100	1,198	699
KupcaH	1769	7056	98.96	50966 	26	726	941
ObviousBBQ	1770	7056	99.10	36804 	118	986	987
Ragnawrawk	1771	7056	98.54	47569 	100	933	581
Ex6TenZ	1772	7055	98.82	56775 	147	1,561	758
Poruteri	1773	7055	99.26	98267 	266	2,145	852
xFluffyo	1774	7054	99.17	117366 	55	952	614
Kikyou	1775	7053	97.81	76442 	51	2,074	1,072
-Shinryaku-	1776	7053	99.14	52472 	227	1,296	686
[_-_Kitsune_-_]	1777	7051	98.94	67313 	87	2,094	1,038
[PLA]	1778	7051	96.56	47153 	9	620	783
XaooN	1779	7050	99.05	37502 	56	1,178	421
Ancereal	1780	7049	97.88	68749 	41	495	407
ryufeseed	1781	7049	98.41	83917 	48	2,040	1,213
Nukrid	1782	7049	99.00	79605 	87	789	811
Omgforz	1783	7049	98.97	38823 	39	1,442	877
Mousiini	1784	7047	98.98	46660 	53	563	633
Forsen	1785	7047	99.25	61617 	48	547	739
Ranpo	1786	7046	99.01	94411 	19	717	838
LaZyAzN	1787	7045	99.06	127835 	153	2,203	2,240
Quane	1788	7044	99.31	81950 	838	5,368	1,509
Muukeh	1789	7044	99.26	53172 	187	922	1,703
Coyri	1790	7044	99.33	71829 	456	1,215	496
BobbyZlich	1791	7042	99.26	56250 	46	850	663
[_Haruka-Chan_]	1792	7042	97.59	74746 	36	816	616
Floks	1793	7042	99.11	131676 	509	4,446	19
Atsuro	1794	7041	99.23	63942 	44	674	1,011
moyamoyano_sa	1795	7041	98.30	88062 	190	1,246	410
Sean-	1796	7040	99.29	26543 	28	500	536
gulp	1797	7040	99.08	45263 	56	650	884
frogyfro	1798	7040	99.02	30551 	54	470	712
CocoaLion	1799	7040	99.38	71846 	204	1,538	158
Jekel	1800	7038	99.55	95705 	231	991	1,342
Neyphym	1801	7038	99.23	35031 	57	808	531
Haruzy	1802	7038	98.67	49791 	82	950	691
-_Hatsu_Koi_-	1803	7038	99.09	56881 	96	1,433	730
Lotragon	1804	7037	98.82	44578 	57	811	1,113
Feppla	1805	7036	98.92	122190 	49	1,174	949
Mysto-kun	1806	7034	98.98	127626 	151	3,441	1,656
[Quarter]	1807	7034	99.37	96187 	84	817	643
Zadkiel	1808	7033	99.42	69745 	878	449	186
Space_tourist	1809	7033	98.66	76690 	62	1,019	1,214
Liquifien	1810	7031	98.05	26883 	17	428	193
TheGamingNinja	1811	7030	98.93	37679 	45	670	887
Wuffles	1812	7030	98.91	27539 	35	1,064	1,053
YaVOR	1813	7030	96.80	66753 	74	1,137	787
L_A_P_I_S	1814	7030	98.07	45428 	26	412	506
Pandadesu	1815	7029	99.19	91710 	876	1,328	881
[_Hyung_]	1816	7029	99.05	38500 	35	853	366
-_Vanilla_-	1817	7029	99.43	56457 	173	890	602
Danil194522	1818	7029	98.25	50653 	71	775	916
Mijn_Aim_Zuigt	1819	7028	99.36	31576 	256	657	716
z0mbir	1820	7028	98.84	56190 	56	574	833
iMinimal	1821	7028	98.24	66836 	8	932	722
Yuiop	1822	7028	98.20	70117 	54	487	522
Gifted	1823	7027	98.79	44085 	56	726	924
Jaime	1824	7027	98.44	59761 	31	467	671
Italo	1825	7027	98.64	57802 	8	289	454
Mentalol	1826	7027	99.62	90392 	183	1,060	603
Fuyu_HaNa	1827	7026	99.50	72027 	194	990	762
jesneit	1828	7025	97.34	37581 	33	685	439
Drezi	1829	7025	98.56	53709 	35	902	1,195
SatoReika	1830	7024	98.86	59712 	51	773	800
HydroCannon13	1831	7024	99.35	91642 	2,190	1,526	-14
Tisgeh	1832	7024	97.91	51548 	22	579	863
ZULUL	1833	7024	97.59	63444 	18	569	612
[_Steph_]	1834	7023	98.28	23082 	31	843	562
suwako_moriya-	1835	7023	98.94	20305 	59	364	324
Enkidu	1836	7022	99.04	51592 	39	795	646
Daanit	1837	7021	99.34	120203 	45	564	825
Janga	1838	7021	99.22	75131 	69	1,134	1,128
Mood_Breaker	1839	7020	99.10	74874 	127	1,006	889
B1TcH_ShOT	1840	7020	98.64	67843 	17	402	433
xxWeedWizardxx	1841	7020	99.31	122841 	115	1,169	1,029
Brunolt101	1842	7019	99.15	44800 	294	2,815	368
MeckDonalds	1843	7019	97.05	75553 	19	377	310
LordTimeWaste	1844	7019	99.01	56626 	60	925	1,671
Rewindosc	1845	7018	99.01	75626 	49	867	600
Leupoi	1846	7018	99.02	96407 	107	1,799	980
NPJn00bs	1847	7016	98.98	74910 	16	266	792
Lucas_Zubs	1848	7016	98.58	108734 	144	475	213
Rookie	1849	7015	98.65	69985 	81	992	1,028
Smurfee	1850	7015	99.03	55081 	156	997	952
jon_chan	1851	7028	99.00	47914 	74	537	607
Jaime	1852	7027	98.44	59790 	31	467	674
Mood_Breaker	1853	7027	99.11	75138 	128	1,009	886
Mentalol	1854	7027	99.62	90669 	183	1,062	605
Italo	1855	7027	98.64	57802 	8	289	454
Fuyu_HaNa	1856	7026	99.50	72219 	196	993	762
Tisgeh	1857	7025	97.92	51683 	22	582	861
PemiX	1858	7025	99.37	65504 	224	721	448
Drezi	1859	7025	98.56	53722 	35	902	1,197
SatoReika	1860	7025	98.86	60054 	51	775	802
ZULUL	1861	7024	97.59	63485 	18	570	613
[_Steph_]	1862	7024	98.28	23128 	31	843	563
suwako_moriya-	1863	7023	98.94	20458 	59	366	325
Enkidu	1864	7023	99.04	51917 	39	797	649
Daanit	1865	7022	99.34	120982 	45	566	833
Janga	1866	7021	99.21	75289 	69	1,135	1,131
xxWeedWizardxx	1867	7020	99.31	122892 	115	1,169	1,030
Smurfee	1868	7020	99.03	55574 	161	1,009	967
Junjou	1869	7019	98.97	68309 	136	1,017	736
Brunolt101	1870	7019	99.15	44800 	294	2,815	368
Leupoi	1871	7019	99.03	96524 	107	1,799	980
MeckDonalds	1872	7019	97.05	75638 	19	378	310
LordTimeWaste	1873	7019	99.01	56626 	60	925	1,671
Rewindosc	1874	7018	99.01	75755 	49	868	601
Raiin	1875	7018	99.09	37777 	98	390	545
Lucas_Zubs	1876	7017	98.56	109383 	144	478	215
Rookie	1877	7016	98.65	70199 	81	994	1,038
NPJn00bs	1878	7016	98.98	74930 	16	266	792
Reishara	1879	7015	98.63	39967 	21	927	1,175
Battquif	1880	7015	99.20	64167 	123	1,479	299
-Jamie	1881	7015	99.19	66475 	47	1,482	1,026
-_Small_Mio-	1882	7014	99.07	90443 	70	1,271	389
HeeJin	1883	7014	99.02	43698 	37	471	473
Halcy-	1884	7013	98.66	103775 	6	556	424
iPunqcake	1885	7013	98.87	47608 	67	836	679
EZNF	1886	7011	98.51	65606 	126	668	767
RiasG	1887	7007	96.93	48648 	36	524	510
[_Lesu_]	1888	7007	99.17	47414 	31	587	493
Jantsi	1889	7007	98.55	129399 	107	1,879	1,765
october	1890	7007	99.30	79731 	28	1,010	1,254
Krokou	1891	7006	99.28	49921 	67	655	513
FunNi	1892	7006	98.71	83257 	19	1,537	839
koki6	1893	7006	98.82	59310 	86	907	264
Suome	1894	7005	98.90	31588 	138	1,178	1,081
Snpae	1895	7005	98.55	68748 	109	484	621
c-atsuit	1896	7005	98.34	15761 	16	320	697
likejaxirl	1897	7004	98.34	59058 	67	894	932
Meepoex	1898	7004	98.99	33610 	11	457	544
Dada	1899	7003	99.48	38077 	116	864	1,224
LukerMaster	1900	7002	97.69	79067 	18	580	450
natnat	1901	7002	99.22	87659 	109	898	1,563
Henry-	1902	7002	99.11	200000 	194	2,035	674
Moreon	1903	7001	98.87	41041 	35	419	483
JumpLess	1904	7001	98.44	69745 	16	466	770
Sly	1905	7001	99.11	66778 	350	2,283	757
YoYo412	1906	7001	96.89	90475 	46	703	879
nf_nl	1907	7000	99.08	67274 	187	1,661	567
Hudda	1908	7000	98.91	87828 	119	1,051	874
xXGrimmsXx	1909	7000	98.57	66097 	61	1,096	692
gith	1910	7000	99.11	34154 	16	527	1,532
Shach	1911	7000	98.51	42854 	121	1,092	864
xtend	1912	6999	98.94	99999 	56	934	537
Suzutsuki-	1913	6998	98.88	98944 	300	1,875	712
YesTak	1914	6997	98.58	50200 	21	540	585
[_Flashoky_]	1915	6996	97.96	80271 	55	490	399
Koi_Fish	1916	6996	99.02	65115 	130	1,196	2,296
reborn503	1917	6996	99.18	122613 	152	2,432	785
Areox	1918	6994	95.78	34484 	43	405	368
-Levi-	1919	6993	99.34	54005 	153	1,206	1,405
-DarkAngel-	1920	6993	98.18	49780 	4	550	787
BlueCrystal004	1921	6992	98.67	37732 	38	479	565
Thefroakie	1922	6992	98.61	56001 	370	1,496	605
joKing	1923	6992	99.18	39268 	141	1,864	1,011
Peruna	1924	6991	98.34	32137 	13	479	854
Epiphronn	1925	6990	98.88	73332 	46	592	674
Kroudon	1926	6989	99.42	99919 	163	1,136	1,644
Zettus	1927	6989	97.94	68013 	20	1,173	1,064
Siyu	1928	6988	99.28	87205 	175	1,205	1,026
Fear_Kubrick	1929	6988	98.37	56398 	17	429	643
arqx	1930	6987	98.80	107089 	47	1,336	603
Floob	1931	6987	99.23	70692 	125	986	1,479
RWDavid	1932	6986	98.07	35723 	36	308	631
Ishkiz	1933	6986	99.27	98012 	1,341	2,732	1,843
Support	1934	6985	98.22	68051 	50	778	596
melloe	1935	6984	98.81	53600 	11	776	793
D_non	1936	6983	99.08	71657 	261	1,763	208
Fuwzie	1937	6983	99.47	59616 	635	1,054	679
zeenu	1938	6982	96.48	74892 	179	1,944	1,150
TemaZpro	1939	6982	99.23	153983 	6,841	936	491
Ryuti	1940	6982	99.04	75493 	120	727	633
Gshp_Szk	1941	6981	99.46	32991 	53	607	1,128
-Raisa	1942	6980	99.13	50485 	67	1,349	566
My_Angel_Renumi	1943	6980	99.01	50679 	56	944	736
SodaCatz	1944	6980	99.06	95177 	383	2,407	510
Mapper	1945	6979	97.16	24292 	62	361	472
Morrowind	1946	6978	99.21	110791 	171	1,104	758
_WinRAWR	1947	6978	99.13	103954 	63	583	652
ffstar	1948	6977	99.15	75349 	46	1,075	1,108
Sanko	1949	6976	99.01	86926 	64	785	603
Fortuner	1950	6976	99.15	127935 	115	1,074	994
Poncho	1951	6976	98.74	53745 	46	660	1,189
Syrte	1952	6975	99.13	105880 	217	1,560	939
_tsubasa_	1953	6973	99.58	55669 	138	1,065	664
Demmon	1954	6972	99.28	97686 	701	1,907	745
Total_Danage	1955	6972	98.21	94823 	50	554	757
puncia	1956	6970	98.72	81101 	94	1,229	1,119
Ackane-	1957	6970	98.61	34482 	28	683	652
Kiri-Chan	1958	6969	98.53	62703 	43	721	505
TB_358	1959	6969	99.06	102256 	83	1,575	1,841
Tokari	1960	6968	98.33	17685 	11	207	322
-Kryu-	1961	6967	98.10	66992 	91	879	1,075
Aia	1962	6967	99.50	55095 	308	1,448	1,216
folence	1963	6965	98.51	74350 	83	1,435	1,629
-Vid	1964	6965	98.95	50808 	40	482	789
Pan_Oishii	1965	6964	98.30	74713 	47	623	1,238
Serah	1966	6963	99.43	35320 	183	729	368
BoT-Shirt	1967	6962	99.13	130945 	170	2,464	3,451
SleepLotus	1968	6962	98.87	31815 	104	1,613	668
Arieruco	1969	6961	98.46	82602 	507	2,455	634
Namo	1970	6961	98.91	68171 	245	814	839
ondines	1971	6959	98.46	46114 	41	572	507
_Mattia_	1972	6956	99.07	43795 	134	1,105	964
Miseration	1973	6955	98.68	68014 	13	250	442
black_guy	1974	6954	97.01	75719 	19	579	473
Roro_Rosset	1975	6954	99.63	102288 	5,822	1,784	279
Jaybladezz	1976	6953	98.57	54730 	283	1,344	518
Boycott_BearZyo	1977	6953	98.77	79208 	40	1,006	835
Levaslater	1978	6953	99.26	20550 	34	860	473
awesomemacD	1979	6952	99.12	36224 	110	721	1,548
ArKeda	1980	6952	98.41	36700 	18	499	711
Palace	1981	6951	99.17	88252 	265	913	1,152
SeGin	1982	6950	98.46	65186 	56	435	377
Shyfrit	1983	6950	98.22	36780 	0	476	398
ParkourWizard	1984	6949	98.43	59241 	160	1,470	525
Zexylian	1985	6948	99.24	36906 	64	694	487
Sakura_no_Hana	1986	6948	99.21	36979 	406	557	429
Emperium	1987	6948	99.05	120545 	58	625	1,259
Seikyuu0	1988	6947	98.94	25808 	11	436	283
zargot	1989	6947	99.26	41422 	51	694	1,130
issacCLAKE124	1990	6945	98.84	71598 	39	565	411
KirimaSharo	1991	6944	98.70	143151 	43	459	226
Niphora	1992	6944	98.72	81812 	202	1,001	530
Sephie	1993	6944	98.88	49692 	46	699	838
AdveNt	1994	6943	99.32	90893 	174	2,479	577
Sever	1995	6943	99.07	63620 	46	685	1,083
Brandon-	1996	6942	98.16	51176 	26	430	416
Multtari	1997	6942	98.50	88657 	64	2,249	2,293
Cyanogenoid	1998	6941	99.09	83620 	38	503	638
Finnu	1999	6941	99.22	78254 	72	1,274	745
PotatoIceCream	2000	6941	98.37	52999 	16	215	386