Cookiezi	1	13954	98.73	18749 	77	585	391
Rafis	2	13451	99.03	217417 	183	1,732	858
Vaxei	3	13428	98.28	107280 	46	673	673
firebat92	4	13255	98.79	129960 	167	1,428	708
filsdelama	5	13135	98.94	123658 	216	1,609	570
hvick225	6	12421	98.93	134059 	826	3,471	700
Emilia	7	11967	96.70	78865 	39	1,174	974
Azerite	8	11738	98.50	59302 	24	392	874
Rohulk	9	11724	99.43	41406 	70	2,084	1,882
My_Angel_MrBooM	10	11661	98.95	119941 	94	1,709	757
Dustice	11	11520	98.95	86836 	117	2,382	1,406
Green_NPC	12	11469	98.92	87039 	23	752	893
Spare	13	11449	99.16	74317 	377	1,477	1,027
_index	14	11347	98.74	57622 	426	1,538	517
HappyStick	15	11322	98.52	184230 	147	2,612	488
Mathi	16	11276	98.64	102872 	31	639	557
DanyL	17	11248	97.33	80117 	79	838	295
-Konpaku-	18	11198	98.99	80714 	85	1,249	1,016
_RyuK	19	11183	98.55	72089 	28	942	638
idke	20	11130	98.67	41864 	16	500	390
Gayzmcgee	21	11098	99.20	80810 	29	670	733
Yaong	22	11098	99.39	100043 	620	2,050	621
talala	23	11069	98.71	194718 	136	2,452	1,535
Adamqs	24	11054	99.34	144820 	146	1,895	1,026
Wilchq	25	10917	99.31	84833 	1,486	3,810	253
Musty	26	10871	99.27	105407 	119	1,749	1,340
Toy	27	10863	99.39	182678 	3,239	3,335	623
Sanze	28	10853	99.19	156726 	110	1,376	1,054
Mizuru	29	10853	99.07	85929 	89	939	1,043
CXu	30	10813	98.92	109681 	866	3,608	153
Recia	31	10779	99.01	100990 	666	2,740	190
kablaze	32	10770	99.33	110807 	556	1,753	1,065
Astar	33	10675	98.26	136334 	129	2,053	1,389
-Zirba-	34	10655	98.83	78874 	40	829	809
Arnold24x24	35	10623	98.85	97903 	265	1,208	880
Axarious	36	10612	97.24	63265 	35	855	475
Dunois	37	10605	99.02	100312 	182	1,468	1,126
Bubbleman	38	10567	98.62	73509 	77	801	1,145
Weabole	39	10545	98.24	78070 	48	231	184
rustbell	40	10508	97.62	68281 	140	2,209	998
WubWoofWolf	41	10501	99.37	223640 	7,976	9,732	1,856
Tarulas	42	10466	98.84	81129 	50	1,072	521
Mlaw22	43	10466	99.16	90220 	207	2,889	1,240
Azer	44	10379	98.98	80039 	209	1,119	737
uyghti	45	10371	99.11	131672 	109	941	942
Plz_Enjoy_Game	46	10342	98.05	90085 	317	2,984	2,272
Monko2k	47	10342	99.03	58728 	83	1,488	1,443
FunOrange	48	10341	99.30	74040 	153	1,127	809
Xilver	49	10332	99.17	215234 	174	1,590	727
MouseEasy	50	10319	97.90	113704 	241	1,447	1,141
fieryrage	51	10313	98.12	61103 	76	1,195	735
Afrodafro	52	10312	98.86	97603 	67	671	774
zeluaR	53	10273	99.36	148196 	480	2,458	90
-Hebel-	54	10249	98.97	94283 	120	1,310	396
Vettel	55	10243	98.99	218902 	337	2,081	1,110
Akcel	56	10238	98.95	93550 	48	742	477
Dumii	57	10237	98.34	110692 	77	1,256	1,661
Neliel	58	10221	98.73	121972 	32	1,574	719
mcy3	59	10207	96.88	125660 	15	552	596
NerO	60	10188	97.81	116298 	152	1,647	793
Reimu-Desu	61	10179	99.36	109359 	288	1,825	587
ThePooN	62	10167	98.74	70640 	54	850	570
Karthy	63	10161	98.96	77499 	288	1,979	1,786
kuu01	64	10153	98.43	112620 	49	1,156	1,581
Yaong_Loli	65	10127	99.29	118448 	139	1,041	1,018
MrBooM	66	10095	99.02	50216 	21	819	552
Ceptin	67	10084	98.21	76657 	40	546	783
bango	68	10078	97.68	80968 	6	283	515
iamVill	69	10072	98.34	47167 	27	628	475
Smoothie_World	70	10069	98.84	83583 	113	892	1,529
-_Nikliu_-	71	10049	98.64	72475 	46	958	707
MiruHong	72	10028	99.39	125568 	308	799	498
Beafowl	73	10019	99.37	103073 	295	908	399
jackylam5	74	10011	98.15	106229 	134	2,227	817
Reyuza	75	10003	99.05	59074 	62	885	795
DoKito	76	9968	99.37	69422 	106	1,780	1,387
Wookiezi	77	9893	98.92	65638 	85	497	657
Zavarka	78	9892	98.85	150057 	1,321	1,702	982
Apraxia	79	9892	99.03	91663 	103	920	1,501
MyAngelNamirin	80	9889	97.63	115289 	234	3,349	778
Rucker	81	9879	99.45	173694 	3,734	4,335	732
aleho8	82	9862	98.36	45133 	23	774	810
MoeYandere	83	9854	98.35	103545 	18	1,377	769
obtio	84	9842	98.77	101476 	51	859	816
Aireu	85	9825	98.57	134795 	406	1,727	504
Emperorpenguin83	86	9824	99.25	111077 	198	2,411	1,045
[_Zane_]	87	9804	98.71	129010 	132	2,064	1,004
waaiiru	88	9784	98.19	154102 	110	1,433	1,237
Mayoler	89	9776	98.75	111247 	166	2,126	735
Fedora_Goose	90	9768	98.71	131778 	58	1,283	670
1E308	91	9740	99.38	13438 	124	780	646
Red_Pixel	92	9708	98.83	87649 	40	725	775
Flask	93	9707	98.81	56755 	128	1,810	1,030
Splinter572	94	9702	98.50	196371 	686	1,824	792
Zeisen-	95	9701	98.37	48781 	14	595	813
freedomdiver	96	9691	91.21	39092 	237	843	322
Loli_Silica	97	9689	98.53	99999 	298	3,362	901
Dereban	98	9684	98.18	87819 	76	737	885
hallowatcher	99	9664	99.55	98615 	129	1,105	866
Korilak	100	9657	99.40	61371 	38	421	474
Elysion	101	9562	98.28	92501 	34	779	1,339
EmertxE	102	9553	98.30	144158 	35	1,642	1,078
Avenging_Goose	103	9551	99.26	54730 	141	863	765
Rizer	104	9551	99.39	76306 	1,359	3,313	485
Flask	105	9545	98.63	55619 	123	1,729	1,020
AtHeoN	106	9537	99.17	122404 	102	1,742	678
Spook	107	9523	97.90	105293 	117	1,080	1,305
hshs	108	9521	98.99	143330 	231	2,205	1,013
My_Aim_Trash	109	9506	99.48	154548 	202	1,624	1,606
Splinter572	110	9502	98.78	191552 	685	1,784	776
Meltina	111	9498	99.15	105235 	160	1,899	763
Castiel	112	9494	99.08	57570 	190	2,590	1,106
Smoothie_World	113	9479	98.75	80246 	108	873	1,469
cmnk	114	9474	98.64	78438 	104	986	959
Moffo	115	9464	96.38	156043 	96	1,292	697
Risiing	116	9456	99.10	88825 	155	959	547
ReaL_motion	117	9436	99.26	130626 	136	2,244	1,076
Identical	118	9397	99.10	62675 	128	903	628
bango	119	9397	97.55	74778 	6	262	505
DenierNezzar	120	9397	98.58	118745 	92	2,014	1,225
DuNai	121	9384	98.88	86913 	54	1,733	1,190
r0ck	122	9371	99.01	109445 	262	2,761	1,049
Emperorpenguin83	123	9366	99.22	109327 	196	2,391	1,021
bahamete	124	9361	98.66	97024 	162	1,012	470
pyon	125	9352	98.83	98276 	254	1,952	737
uvrv	126	9350	98.33	73059 	62	1,374	680
Alien	127	9344	99.09	88268 	19	705	815
sayonara-bye	128	9341	98.84	115417 	191	2,436	837
freedomdiver	129	9335	91.23	36372 	232	739	356
MrBooM	130	9330	98.95	47912 	16	728	526
Rhythm_blue	131	9306	98.85	57278 	4	765	654
Dsan	132	9287	99.23	133659 	664	3,524	686
My_Angel_DanyL	133	9287	97.69	104838 	16	408	808
Firstus	134	9282	98.99	69054 	175	2,345	1,274
Kaanibaru	135	9274	98.60	87404 	28	527	458
Pring	136	9263	96.96	58480 	85	1,501	385
Hyppyri	137	9256	99.12	114419 	102	1,211	1,603
Yazone	138	9249	99.03	89934 	151	1,361	998
DenObscure	139	9239	98.53	108683 	137	1,964	1,039
HaruTachi-	140	9237	98.67	39636 	8	422	895
Stoof	141	9230	98.91	66603 	66	786	1,102
AmaiHachimitsu	142	9223	98.85	203781 	86	1,668	574
Clarity	143	9222	98.93	80927 	249	1,297	311
Doomsday	144	9219	98.13	260681 	891	6,654	1,298
ItsKevZii	145	9217	98.84	92538 	32	982	777
MeiMei	146	9216	99.21	33094 	16	429	287
Epiphany	147	9210	99.54	64461 	241	1,075	1,086
Lexalia	148	9191	98.85	71685 	118	1,172	642
-HERO-	149	9189	98.75	167601 	147	882	801
gasanww	150	9188	99.61	201183 	1,104	3,845	77
My_Aim_Zogs	151	9167	99.33	111343 	114	1,013	950
Warrock	152	9163	99.26	91528 	267	1,543	1,423
Reifos	153	9161	99.49	68464 	283	1,208	190
Mayoi_Hachikuji	154	9153	98.70	142920 	100	1,270	1,262
SliderNOOB	155	9153	98.90	54727 	392	474	334
GSBlank	156	9143	98.87	101519 	52	2,793	1,807
imagaK	157	9141	98.70	104895 	253	2,421	929
he_rack	158	9137	98.02	92990 	68	1,051	930
Koba	159	9135	99.39	174897 	374	1,434	960
-_Phantasma_-	160	9135	98.33	84734 	172	1,448	1,039
Riven	161	9133	99.17	144999 	96	1,077	992
BlueFlame	162	9131	98.98	173077 	121	1,956	986
Chronomarly	163	9128	99.26	85214 	216	708	303
Psycopath-	164	9128	98.88	161810 	28	839	842
Syph	165	9120	98.96	64392 	35	538	1,122
isokasapupuja	166	9115	99.05	125679 	147	1,493	938
Toke	167	9111	98.62	305429 	79	1,467	1,702
SilveRain	168	9110	98.43	93862 	672	1,753	638
T_A_K_A_O	169	9101	99.27	82811 	150	867	1,290
legekka	170	9095	99.08	62268 	148	951	845
Sebu	171	9094	98.82	160328 	32	1,062	924
Mira-san	172	9089	98.74	69453 	171	1,004	213
Rekaru	173	9084	99.29	78802 	229	1,197	770
Satoruu	174	9076	99.44	49901 	293	1,200	624
SpajdeR	175	9076	99.18	122045 	176	1,492	495
Twintail	176	9066	99.27	97255 	2,176	1,239	146
Koalazy	177	9063	97.19	113824 	348	2,695	619
[_DANIEZ_]	178	9062	98.39	130983 	220	2,684	544
oxycodone	179	9058	97.65	191613 	62	1,185	1,084
wuhua	180	9055	97.98	144365 	247	1,109	852
-Archangel-	181	9052	98.10	107727 	182	2,053	1,202
Saimonea	182	9051	98.79	69492 	213	657	204
Arnbition	183	9047	99.56	63196 	24	835	341
Runa	184	9046	99.04	44867 	238	842	641
Pittigbaasje	185	9045	99.14	63251 	85	1,188	532
Neta	186	9043	99.10	91776 	258	3,227	192
karalis	187	9042	98.48	86019 	52	1,087	879
Ritzeh	188	9031	98.95	81900 	100	1,647	725
Astana	189	9025	98.60	75311 	16	649	587
Umbre	190	9019	99.25	120882 	164	784	1,159
Seouless	191	9014	98.75	156030 	59	1,531	867
smiljko	192	9011	98.92	61904 	52	842	752
ChronoTrig	193	9007	98.83	129603 	114	1,368	815
Gokuri	194	9000	99.06	101568 	193	1,520	1,036
harunaruna	195	8980	98.55	113029 	133	1,241	641
Qu1z	196	8980	97.85	67898 	36	557	912
ChitogeOP	197	8977	98.13	98512 	48	714	683
Hundur	198	8971	98.92	112884 	60	917	1,500
Tiger_Claw	199	8969	98.29	114439 	42	1,041	1,253
Cheese_Kai	200	8960	99.02	53524 	30	543	787
Toushi	201	8954	99.12	80658 	51	899	870
Kaoru	202	8948	99.25	146147 	279	3,682	2,608
Haganenno	203	8944	99.11	81665 	155	875	688
saikurondark	204	8937	98.92	76536 	12	435	339
Enon	205	8932	99.09	107524 	192	1,835	1,049
-Kazuki-	206	8930	98.89	123496 	548	1,486	1,040
Wario	207	8925	99.20	89410 	165	1,118	1,410
MetoA	208	8919	98.68	61008 	90	982	747
-NeBu-	209	8916	98.95	66433 	514	1,588	302
mniminwoo	210	8914	98.88	113018 	100	1,236	1,181
[RanYakumo]	211	8909	98.76	97515 	158	1,981	566
Mrotaku	212	8905	98.93	64912 	64	1,101	589
Yellow	213	8900	98.80	85772 	74	983	454
ExLeaF	214	8888	98.40	71580 	55	699	601
fartownik	215	8884	99.15	263137 	138	2,436	1,229
FlowR	216	8883	99.17	127829 	129	1,141	793
Sakke	217	8883	98.33	65431 	14	305	202
-_G_I_D_Z_-	218	8881	98.65	131871 	176	1,907	786
Touchette	219	8877	98.12	63264 	44	1,026	524
chugleader	220	8873	96.74	183406 	125	1,194	1,005
NuHaru	221	8871	98.15	37340 	17	1,013	754
yellowy246	222	8863	98.93	86352 	205	1,024	832
scuoa	223	8858	99.37	69271 	172	1,680	1,003
[Lunatic_Bell]	224	8856	98.39	125965 	20	1,017	599
Area	225	8855	98.58	103588 	171	2,062	857
w1sp	226	8845	98.08	20929 	20	443	494
Happy_New_Year	227	8832	98.89	75918 	691	1,924	141
ftg	228	8831	98.95	101076 	48	957	808
Jonimay	229	8828	98.69	125051 	91	1,405	1,355
waywern2012	230	8827	98.44	62966 	135	950	1,274
Worne	231	8826	99.48	139944 	1,125	3,031	214
Broodich	232	8825	99.11	186156 	700	3,001	2,328
Emula	233	8819	99.07	97910 	142	2,178	612
Lovestruck	234	8817	98.71	71652 	61	594	487
Lolisim	235	8809	99.26	79905 	241	1,015	534
PikaPwn	236	8805	99.27	55605 	101	888	815
Saix	237	8802	99.29	59661 	81	1,072	64
Kabu	238	8801	99.26	116502 	87	691	827
MrPotato	239	8801	98.91	120182 	128	1,374	895
Yakisoba_Pan	240	8799	98.96	146456 	435	1,469	963
Sakurai_Momoka	241	8799	98.78	77475 	243	2,288	1,081
Puffydaddy	242	8797	99.26	67888 	24	719	1,253
BDDav	243	8795	99.41	114583 	420	1,609	281
Shelbis	244	8784	98.69	63238 	35	665	733
Orbi	245	8782	99.20	102488 	77	1,333	496
Nakocchi	246	8777	98.61	58418 	311	1,942	1,295
Anzu_Takakura	247	8774	98.78	87629 	19	404	571
[_Wakson_]	248	8773	99.47	79847 	134	522	637
Girl	249	8766	92.99	70111 	71	956	946
Sarasa	250	8763	98.49	46743 	34	587	485
Sheba	251	8762	99.16	110022 	1,434	1,895	-8
ASMaRthXD	252	8757	98.42	100000 	353	1,903	1,421
TheKid217	253	8752	99.53	92105 	725	1,384	1,035
Tetla	254	8745	98.47	121767 	595	1,409	287
Serena	255	8741	99.37	74577 	661	982	450
theez35	256	8736	99.34	37862 	8	263	217
Haynoru	257	8732	99.42	121595 	80	3,053	1,655
Jameslike	258	8726	98.77	50554 	71	1,204	575
Danidesu	259	8724	98.04	56882 	29	463	743
Snorlaax	260	8720	98.31	58735 	19	424	596
eoehd1ek	261	8717	98.02	70501 	281	1,886	474
Maffe	262	8716	98.88	58600 	92	1,036	1,089
-raizen-	263	8716	99.01	110743 	22	914	857
Shiawase	264	8715	99.14	108562 	248	3,524	1,338
Shiina_Noriko	265	8712	98.81	33140 	93	1,253	560
BeasttrollMC	266	8710	98.96	62655 	34	788	472
Fangzy	267	8709	98.97	81962 	326	2,205	961
yuilemo	268	8708	98.98	39101 	65	955	580
Sanjilift	269	8701	98.89	112211 	13	594	556
Aden	270	8699	97.84	88636 	25	938	1,046
kyle	271	8699	98.74	101334 	9	916	1,050
Pray	272	8698	95.30	103420 	21	2,330	692
Koni_Kinmo	273	8697	98.77	45759 	57	1,051	1,234
qaw02468	274	8687	98.88	21227 	158	629	639
Calcium	275	8686	97.78	131168 	34	1,056	2,511
Komaa	276	8681	98.22	115249 	252	990	296
[_Jewel_Yuki_]	277	8674	97.78	76053 	35	823	840
Klocuch12	278	8669	98.58	53396 	24	462	651
SoMad	279	8668	98.82	89716 	39	1,499	1,449
gbs_tap	280	8667	99.35	75236 	250	1,761	600
MCNortrom	281	8661	98.78	59770 	47	1,236	838
SpringLane	282	8658	98.35	70910 	67	2,423	737
Myko	283	8647	98.87	44543 	15	447	607
Woffel	284	8646	99.48	75774 	86	524	1,313
Vall	285	8643	97.17	108405 	6	591	684
My_Angel_Haruna	286	8642	96.93	94852 	28	1,328	466
Akiko-	287	8641	97.82	109734 	162	2,051	422
Sooki	288	8636	98.42	115491 	22	967	1,135
Yuza	289	8632	99.05	68328 	44	960	526
[C_u_r_i]	290	8622	98.56	61097 	123	1,028	645
Malolat	291	8621	99.09	69149 	61	545	523
xElectroGH	292	8620	98.87	59883 	111	792	677
Spark-desu	293	8617	98.24	76375 	13	751	662
Sinch	294	8608	98.83	95802 	557	3,825	634
Yuiteru	295	8607	98.50	87936 	48	780	395
W3CAT_der_Gott	296	8605	98.97	45499 	133	1,643	1,055
rrtyui	297	8597	98.75	171844 	311	1,229	659
Arcadeas	298	8597	99.15	87281 	37	698	869
[-Lockon-]	299	8590	98.01	87351 	4	705	904
Topoi	300	8587	98.13	53968 	17	631	767
ruexia	301	8586	97.84	95407 	6	453	551
mrspazzaneve17	302	8584	99.10	55907 	270	1,361	748
fabriciorby	303	8583	98.95	86852 	702	1,349	67
Far_Q	304	8579	98.81	139725 	54	1,716	922
OhAHO	305	8577	98.67	159607 	199	1,582	1,285
Cien	306	8577	98.61	108726 	270	2,688	440
Miko	307	8570	98.48	83173 	7	384	806
UDQN	308	8567	98.90	58518 	259	1,684	841
gissirianko	309	8556	98.23	54043 	116	868	293
Super_Arrow	310	8549	97.88	88186 	55	1,691	1,050
Zmatureeno	311	8539	98.80	77692 	28	563	467
Mizarr	312	8539	97.09	62345 	59	749	522
Niii-san	313	8538	99.23	70560 	58	655	661
[KOR]ArtRaid	314	8533	97.26	66334 	201	1,611	957
LanJay	315	8532	98.63	99381 	87	802	912
CrtReXn	316	8531	98.78	91514 	129	1,722	1,573
moca	317	8531	99.13	31796 	242	1,309	414
_AvA	318	8523	98.53	65421 	139	726	758
Alumetorz	319	8521	99.30	89249 	89	1,128	500
-Wolfy-	320	8518	98.09	62393 	146	1,237	765
GHAngeloid	321	8514	99.22	133767 	176	2,642	534
ithgyu	322	8512	99.11	54093 	33	903	1,135
nycto	323	8509	98.11	132841 	34	903	944
Boggles	324	8504	98.10	61822 	108	1,237	785
PizzaLovers007	325	8503	98.97	26692 	34	879	734
Small_K	326	8501	98.66	110666 	267	3,709	662
CPUGeek	327	8501	99.46	105364 	263	1,435	473
its_over	328	8501	98.68	51214 	71	407	676
FriendoFox	329	8498	99.20	93288 	135	865	839
FeriOP	330	8489	98.78	92754 	95	1,202	1,533
Constelletion	331	8487	98.96	156645 	83	1,367	969
My_Angel_Yaz	332	8484	98.92	70973 	46	782	947
-PloX	333	8483	98.85	73513 	131	507	657
B_e_N_i	334	8475	99.20	159408 	523	2,398	828
My_Angel_Lina	335	8470	98.33	53175 	11	540	522
Cinia_Pacifica	336	8468	98.34	55089 	63	1,417	436
Akani	337	8467	98.93	90301 	143	1,260	629
kawaine	338	8466	98.19	61066 	7	250	406
Saizu	339	8461	99.24	85798 	33	998	1,100
-_Daichi_-	340	8458	99.22	74348 	139	817	1,350
[ZN]	341	8456	98.60	143665 	59	1,253	1,150
Yuria	342	8451	99.15	122511 	2,340	1,679	1,173
VINXIS	343	8449	98.70	73302 	38	972	1,072
worst_dt_player	344	8449	98.44	92746 	155	825	917
-GN	345	8448	97.59	114533 	147	1,228	664
Lunirs	346	8448	98.04	50964 	12	629	770
Mirtrax	347	8447	98.45	72865 	16	625	551
GGBY	348	8446	98.52	186018 	1,507	12,526	231
OsunMoM-	349	8443	98.89	63576 	125	1,173	492
My_Angel_Runa	350	8440	99.02	105654 	188	2,460	624
Toshinou_Kyouko	351	8440	99.00	67922 	138	2,423	709
YoonA-	352	8432	99.04	81558 	138	1,125	608
Vinsu	353	8427	98.51	60770 	73	858	629
Pein	354	8427	99.01	98444 	188	1,965	883
Tosino_Kyoko	355	8424	98.81	53510 	177	1,403	585
Agni	356	8424	99.29	61702 	141	948	1,328
Flami	357	8421	99.03	58456 	159	902	1,395
Informous	358	8418	98.51	50324 	49	665	983
-Zelos-	359	8413	98.81	81251 	197	1,667	1,000
Cocaine_dog	360	8407	98.64	94143 	38	629	576
Reiyoru-	361	8395	97.98	94049 	1,442	2,531	931
Doma_Umaru	362	8394	97.95	125481 	89	2,441	1,089
esemoka57	363	8391	98.60	90854 	33	614	473
Van_Darkholme	364	8390	98.73	76129 	72	1,212	854
Elscar	365	8390	99.37	101127 	435	1,191	243
Jesus[Krists]	366	8389	98.83	72167 	38	826	658
unberlin	367	8387	98.86	128642 	70	1,246	1,429
DigiDrake	368	8385	98.93	66017 	115	752	255
SylvieLism	369	8385	99.26	53973 	426	618	874
Mongoose-	370	8383	98.08	76123 	39	909	1,302
Commy	371	8382	98.93	92628 	362	1,325	233
Koltay	372	8382	99.24	49751 	200	1,925	1,132
xaxreid	373	8381	99.27	65118 	15	230	627
Shii	374	8378	97.11	90326 	29	1,240	862
Rampax	375	8374	97.85	124779 	18	827	1,373
cptnXn	376	8373	99.19	98595 	97	1,138	565
My_Not	377	8372	98.50	113190 	135	2,425	1,484
Cerkie	378	8368	99.13	122235 	320	1,263	1,054
Bauxe	379	8365	98.52	79949 	148	2,455	864
SkyzWai-	380	8359	98.84	127241 	49	1,831	978
thelewa	381	8356	99.38	169068 	933	3,943	1,007
c00kiezecky	382	8356	99.10	77140 	72	580	1,000
Mooha	383	8354	99.48	55674 	433	1,547	80
Shinkei93	384	8353	97.40	47724 	0	338	203
Nakano-	385	8352	98.59	165769 	646	2,940	156
smh	386	8351	98.65	19453 	44	313	301
Kuronora	387	8346	98.70	115657 	108	1,552	803
AAA	388	8345	98.90	107127 	239	2,040	90
WombRaider___9	389	8344	97.93	30017 	7	337	486
TheLamaHD	390	8343	99.46	32682 	94	621	910
-_Ruff_-	391	8338	98.36	97693 	68	729	892
LilDoc	392	8336	98.20	95028 	61	1,346	1,086
SlimeDrippy	393	8335	98.90	53887 	16	677	241
Blobby3000	394	8330	98.87	45279 	31	507	814
moguosu	395	8329	96.68	32771 	30	673	605
-SoMoE-	396	8327	98.46	93930 	38	804	296
Zodiaack	397	8327	99.07	83814 	130	2,447	1,787
ClawViper	398	8326	99.08	54446 	242	2,501	146
Grey-	399	8322	98.70	12777 	3	171	290
Kirin	400	8320	98.79	94526 	82	1,053	761
[_xFrozZ_]	401	8320	98.19	51562 	27	472	692
oohily	402	8316	98.70	83094 	114	3,023	1,136
sinon	403	8312	97.34	88466 	103	618	770
im_bad	404	8304	99.04	90357 	27	517	613
Ignite	405	8302	98.98	116640 	171	1,240	952
Rekia	406	8298	98.00	55957 	21	599	496
Shirone	407	8298	98.76	81692 	105	1,116	525
Skydiver	408	8298	98.10	54702 	24	376	457
D4rkHeroBR	409	8295	98.50	55229 	39	497	707
kaminogi	410	8291	98.17	48650 	56	942	676
_---_	411	8287	99.55	100850 	128	834	864
shortpotato	412	8285	98.96	40768 	166	1,361	840
Sablestars	413	8285	99.40	65723 	53	815	388
Zabijaka	414	8284	98.68	114378 	98	1,097	893
Natalia	415	8279	99.03	36919 	128	1,203	1,029
3D_Printer	416	8277	98.81	61808 	283	2,324	1,249
Sedna	417	8275	99.24	65846 	727	562	696
Idealism	418	8275	98.47	67669 	84	1,318	900
Razuh	419	8273	97.94	53455 	55	594	1,135
Titus	420	8271	98.95	52080 	159	1,277	667
CatBagasm	421	8268	96.74	44147 	43	823	411
DT-sama	422	8257	98.75	179191 	65	1,730	1,859
fripSide	423	8250	97.93	78309 	360	992	884
FllareA	424	8245	98.68	99478 	23	1,221	1,149
No01	425	8240	98.32	141299 	169	1,802	1,024
WORSTPOLACKEU	426	8227	98.27	67262 	27	699	679
Slizzer	427	8227	98.92	78768 	117	1,983	1,269
buny	428	8226	98.66	96375 	10	742	519
Neel-	429	8223	98.99	76666 	188	1,259	207
follon	430	8220	98.94	78581 	260	855	681
renoxz	431	8220	99.40	84063 	93	742	1,128
sAraShina	432	8211	98.92	148396 	612	3,825	795
schlafen	433	8210	99.09	133084 	338	1,692	1,025
Yacos	434	8208	97.61	94352 	18	804	1,909
emabb	435	8207	98.92	69856 	58	916	729
Garden	436	8202	98.76	42372 	732	3,554	110
xsrsbsns	437	8197	99.11	78398 	1,791	3,082	301
_kyky_	438	8191	98.37	68103 	26	597	725
TobiGH3	439	8191	98.63	45376 	32	758	545
Maika	440	8190	99.03	70284 	387	711	166
Vandabe	441	8189	98.69	91633 	61	1,145	800
doki_doki	442	8181	98.68	158637 	30	1,096	751
Cnya	443	8181	98.78	104406 	64	3,058	813
-_Tea_-	444	8180	96.86	98714 	15	421	689
Cloz1k	445	8180	99.07	113717 	14	315	827
Rusio	446	8180	98.00	59993 	76	1,586	690
eLy	447	8180	98.79	180459 	229	3,878	1,638
BOZENA100003BPM	448	8180	98.68	42779 	46	551	363
Crystal-	449	8179	98.13	61164 	240	2,157	919
aegishield3	450	8177	99.27	76351 	36	583	282
Duftende_Pizza	451	8171	99.55	60319 	281	1,207	624
Mercurius	452	8168	99.33	199482 	1,557	4,815	472
Falone	453	8167	98.70	83326 	44	793	970
kutafix	454	8166	98.81	65779 	18	262	484
Aphromoo	455	8166	99.01	52499 	147	1,386	1,129
FGSky	456	8161	97.81	120902 	38	416	464
Konoha-chan	457	8157	99.30	42120 	612	1,460	514
monome	458	8156	96.55	25035 	7	608	440
KafuuChino	459	8154	98.18	11769 	11	383	410
Hippo	460	8153	99.04	32275 	60	599	854
Resia	461	8153	97.02	68821 	43	1,392	710
lorelai	462	8152	97.92	110690 	6	902	1,074
Noname0	463	8152	99.12	61097 	114	1,032	1,194
ToLove	464	8150	99.04	53058 	119	771	419
Adam_tw	465	8145	98.69	103950 	125	823	593
younited	466	8141	99.30	37631 	38	655	283
[_Yozzied_]	467	8140	98.54	79219 	169	2,484	808
egemenbsrms	468	8136	98.54	48791 	26	343	691
Tem	469	8134	98.25	25482 	41	438	643
KHRiku	470	8134	98.19	52614 	89	867	506
Cremation	471	8128	98.64	173752 	727	3,094	1,709
gigagamer37	472	8127	99.53	53761 	300	1,100	941
funky_enough	473	8126	98.28	63207 	10	923	921
Derposoft	474	8123	98.23	37903 	44	999	814
Aeril	475	8121	99.03	87751 	30	465	574
black1207	476	8119	98.97	85061 	142	1,860	812
benki	477	8118	98.98	52503 	30	1,008	1,107
Crystal	478	8117	98.94	78160 	659	3,183	601
Akane-Yuki	479	8114	98.81	48409 	73	1,007	645
ikaNyai	480	8112	97.58	24965 	330	260	350
Spork_Lover	481	8109	98.75	62184 	141	1,294	1,258
Crybaby	482	8108	98.29	130446 	30	545	576
benjacala	483	8108	99.00	138158 	109	1,894	1,214
[_KamKurGi521_]	484	8107	98.00	63514 	42	795	396
-Kupo-	485	8107	98.44	50874 	59	1,001	1,076
Yuh	486	8107	99.57	45187 	660	1,322	119
ncuh	487	8106	99.18	158989 	237	1,850	902
Veth	488	8106	99.30	78103 	118	641	628
TaNaBaTa	489	8105	98.79	109363 	187	1,754	1,420
Ralyks	490	8103	97.53	37254 	10	548	491
crisco13	491	8102	99.09	90737 	36	587	711
Doginator	492	8100	99.16	55463 	45	541	490
Shigure_chan	493	8099	98.94	56702 	106	1,587	692
Icyteru	494	8092	99.26	93603 	50	1,147	743
Chanki	495	8091	97.15	195136 	53	2,235	2,275
[Chiyo]	496	8089	97.79	79971 	211	1,521	681
Rean-K	497	8085	98.04	51998 	21	1,058	613
Mafham	498	8084	98.37	55964 	158	838	373
Teachu	499	8083	99.34	50598 	339	1,758	208
WhiteOnion	500	8080	97.86	78902 	204	2,091	530
Chidori	501	8079	99.45	32794 	97	482	221
ChinaNo1	502	8079	98.76	46834 	36	943	1,304
Kafuu_Chino	503	8074	98.77	80532 	45	851	435
Usagi_sama	504	8061	99.36	69390 	149	960	591
ededed028	505	8058	98.58	79069 	40	460	239
Aknama	506	8057	96.50	111170 	47	425	544
FlySlime	507	8056	98.17	67307 	101	945	1,050
[_Lili_]	508	8056	98.60	88956 	43	854	814
Broccoly	509	8054	98.01	77233 	25	1,112	866
Tona	510	8054	98.91	113139 	62	1,612	1,390
PeteX	511	8053	98.25	95534 	125	1,841	1,068
FayeurS	512	8052	99.56	68270 	865	1,812	289
Delis	513	8050	98.81	80499 	342	1,912	552
Mathyu	514	8049	98.24	61130 	54	579	375
yooriko	515	8046	96.43	84076 	9	526	621
My_Angelsim	516	8042	98.91	139638 	489	1,891	385
Tomadoi	517	8042	99.18	51196 	106	1,202	871
ebc123	518	8038	98.31	144232 	41	1,081	1,000
Hydra	519	8038	98.79	52612 	46	1,784	747
MatsumotoRise	520	8037	99.02	56184 	99	1,841	1,179
ReusoL	521	8035	99.15	56861 	112	883	698
Landegre-	522	8035	99.12	63282 	194	863	830
DualAkira	523	8034	99.18	84051 	214	785	625
-Dylson-	524	8033	99.22	70553 	62	1,291	410
koki	525	8030	97.86	94733 	72	911	788
QonQuest	526	8030	99.03	111795 	166	2,368	1,024
-_Akira_Len_-	527	8028	99.00	55618 	129	1,001	954
P1u70	528	8023	99.11	33313 	103	992	769
Asion	529	8021	98.92	72545 	104	1,229	934
Nikulae	530	8021	99.03	76870 	249	1,423	1,602
Sonoda-Umi	531	8021	98.84	35800 	44	761	801
Leotic	532	8018	98.60	57398 	184	3,335	1,058
Astrovia	533	8015	97.94	63949 	73	533	856
xXD4rk_Sl4y3rXx	534	8015	98.76	56440 	66	930	900
Kardet	535	8014	98.84	78486 	160	1,871	1,162
Banana-	536	8014	99.03	61463 	101	698	554
Bowlglet	537	8013	98.77	63151 	47	762	538
Chewin	538	8012	99.10	146975 	425	5,831	856
momotayan	539	8012	98.71	36848 	194	1,588	394
Urania	540	8012	98.97	78287 	28	579	654
[_BJ_]	541	8011	99.03	83932 	218	1,658	705
4mpy	542	8010	99.44	103275 	135	888	675
clairvoyant	543	8003	98.72	58739 	18	239	157
Ashtar	544	8003	99.11	66152 	109	1,787	199
Num	545	8000	98.21	88383 	49	706	817
Ahmnesia	546	7999	99.23	64749 	86	958	1,009
Guy	547	7996	99.28	144106 	1,524	3,259	836
drugkeeper	548	7996	99.09	51478 	32	506	502
Regnall	549	7996	99.41	111247 	421	2,113	675
Moly	550	7986	98.58	104230 	58	850	1,193
gejutel	551	7984	98.46	102372 	29	618	577
Macho	552	7982	98.91	32312 	22	425	410
diciestaking	553	7976	98.97	58007 	70	1,226	708
Aizen	554	7976	99.02	24603 	80	791	359
little_Agile	555	7976	99.42	87545 	881	3,219	741
Shirasaka_Koume	556	7976	98.70	50063 	29	770	675
Rion-	557	7972	99.33	94986 	156	1,387	787
Deppyforce	558	7970	98.96	51000 	109	968	414
Valentine	559	7964	99.09	81855 	317	1,370	446
diabolo77	560	7962	99.09	58066 	90	808	640
Hazukashi	561	7958	98.23	58681 	39	886	1,063
[_Umaruun_]	562	7956	98.91	27284 	83	602	270
surume_yotyan	563	7955	99.57	51649 	327	967	622
Lua	564	7952	99.00	97172 	3	491	914
White_Tiger	565	7951	98.87	57723 	189	1,599	479
Chaltier0	566	7950	99.61	93115 	1,377	693	304
Eileyn	567	7950	97.23	62744 	8	461	630
wobeinimacao	568	7947	98.88	161377 	93	3,757	299
Celis	569	7946	99.25	152283 	263	1,661	910
[_G_h_o_s_t_]	570	7940	98.76	55905 	121	1,285	1,266
Hasawa_Kraenes	571	7939	98.12	68333 	1	923	949
WillCookie	572	7939	98.40	33500 	152	850	572
nr_pm	573	7938	98.76	75098 	60	577	461
Frostmourne	574	7934	99.12	111398 	680	4,090	638
872316468	575	7934	98.37	78469 	6	1,345	468
Zinkon	576	7932	99.02	56829 	108	1,827	2,157
-_Aki	577	7931	99.08	103638 	8	833	898
kafaN	578	7931	99.42	141996 	2,169	1,206	140
Kurogami	579	7930	98.58	61110 	81	846	704
HenBurgaaa	580	7925	99.35	59377 	1,348	1,682	572
Kaifin	581	7922	99.21	114173 	138	1,026	754
[_AeonLust_]	582	7916	99.21	62289 	81	1,912	907
Pupper	583	7902	99.29	44505 	108	913	795
AntoN	584	7898	99.04	102616 	184	1,683	2,299
momura	585	7898	98.75	38094 	50	615	259
-_Niwata_-	586	7896	96.35	82909 	56	976	712
FreeDom	587	7895	98.82	107520 	185	896	476
Death	588	7892	99.06	80376 	137	912	1,091
Ciao	589	7892	98.58	98351 	126	1,290	761
rafalbrew	590	7892	99.05	66528 	84	969	706
TheCoon324	591	7891	98.70	79386 	26	593	437
Maiaz	592	7890	98.80	19262 	8	483	313
JoJoe	593	7890	98.48	33333 	83	824	546
owo_6821	594	7889	97.13	42682 	10	170	241
Vamhi-	595	7887	98.48	52302 	18	262	245
Sakurauchi_Riko	596	7885	98.86	81190 	91	1,224	778
Gomo_Pslvarh	597	7885	99.22	57922 	1,874	2,400	235
Sheeaper	598	7882	98.89	68772 	21	523	579
Prograf	599	7880	98.61	55713 	115	1,169	750
xDarxen	600	7879	98.88	62142 	70	680	375
-_Hakurei_Kou_-	601	7875	98.71	201024 	74	785	228
Freezei	602	7873	98.89	63833 	17	574	767
LoidKun	603	7872	97.08	93460 	184	1,187	746
sk0	604	7871	99.32	55298 	136	838	861
[_Guardian_]	605	7866	99.39	64307 	305	1,919	654
gusrua123	606	7865	98.57	53535 	58	1,818	765
Jace	607	7864	98.87	94635 	88	1,630	1,002
Desired	608	7864	99.05	34899 	32	773	466
ffury	609	7864	99.25	64227 	385	1,200	485
Shockwave000	610	7863	98.92	147834 	947	6,804	1,223
Sj-Sama	611	7861	99.01	63016 	74	1,080	1,104
Nelissa	612	7860	99.27	74321 	91	1,531	912
Aoba_Karingo	613	7859	98.50	107724 	18	604	594
Riviclia	614	7859	98.04	135927 	42	466	830
Sonix	615	7858	99.24	35803 	79	638	557
Wucki	616	7858	99.07	76905 	240	898	1,704
Exarch	617	7855	98.54	59571 	18	614	708
Rinzler	618	7853	99.20	56607 	14	346	174
Xbox	619	7850	99.13	92340 	144	1,778	864
Master	620	7850	99.10	33891 	39	520	291
muchy	621	7848	99.41	84024 	229	1,752	759
Der	622	7845	98.67	112121 	131	1,275	642
Sam	623	7845	97.61	101669 	41	812	574
Dzui	624	7843	98.94	18803 	215	641	278
gilmat	625	7843	99.29	74523 	125	1,051	1,534
Blackskyline	626	7842	98.49	46200 	25	940	716
pyrowar56	627	7841	98.71	94589 	242	2,683	530
BNY963	628	7841	98.82	31819 	45	441	585
Willy	629	7840	99.60	110736 	1,638	4,202	125
patch	630	7840	99.12	57946 	16	587	606
Garch	631	7838	98.18	96339 	9	1,533	1,081
Latrio	632	7837	98.49	94799 	175	3,406	317
Kyoushouryuu	633	7835	99.29	83304 	235	2,193	1,730
SadnessWillSear	634	7834	99.37	61927 	22	748	585
neko_ds	635	7828	98.25	88183 	44	652	790
Quallinski	636	7827	98.74	98506 	44	661	651
-Marika	637	7826	98.90	101995 	109	1,496	1,005
zxxzxxz	638	7823	98.96	68672 	76	1,392	655
Dungeon	639	7822	98.79	148365 	212	2,467	505
pattrik	640	7821	98.51	96432 	87	767	613
Ponyawka	641	7819	98.46	86433 	61	301	227
-Yato-	642	7816	98.98	50766 	16	526	303
rinkon	643	7816	98.89	132602 	125	2,487	689
Megure	644	7813	99.44	110305 	364	2,510	1,206
Arua	645	7812	98.96	73433 	58	661	327
_iV_	646	7810	98.74	66739 	51	835	1,091
dopedick_donkle	647	7809	98.59	78421 	17	893	635
Jensen	648	7801	98.91	74162 	77	561	796
-_Eucliwood_-	649	7800	99.33	108243 	101	1,158	391
wavezz	650	7797	99.03	69490 	260	1,469	740
Potofu	651	7796	99.56	69739 	1,390	1,361	21
Hanori	652	7796	98.56	37520 	62	700	536
Okinotori	653	7786	99.32	67329 	343	1,192	1,312
Viveliam	654	7783	99.25	111319 	6	1,018	1,071
Daren	655	7783	98.73	94646 	42	657	1,202
yummy_pillow	656	7782	99.09	42276 	106	691	487
xiAmME	657	7779	99.40	114566 	178	1,482	577
Mya	658	7775	98.12	57411 	14	651	874
Minato3	659	7775	97.18	95690 	132	457	567
Terra	660	7774	98.48	96669 	31	661	878
Hanatan	661	7771	98.86	99893 	111	1,858	328
Braixen	662	7768	98.20	42073 	108	720	826
Anze	663	7765	99.05	133077 	283	1,562	747
-akiz-	664	7765	99.05	51993 	62	668	1,131
xNenko	665	7764	99.25	24948 	100	470	323
Illkryn	666	7763	99.05	151977 	165	2,924	1,727
Tomatonium	667	7756	98.66	50527 	115	671	458
Another6_4	668	7755	97.24	134142 	29	1,293	732
Ruchika	669	7752	99.28	153588 	841	2,543	1,084
Naxurin	670	7751	99.59	129557 	664	1,600	734
[KOR]Rem	671	7751	98.44	30489 	25	1,030	858
Hexicate	672	7750	99.16	33959 	41	692	753
-Trinity-	673	7750	97.59	82927 	12	453	574
prhtnsm	674	7748	98.37	49498 	42	867	620
KaanKorkmaz	675	7748	99.27	56816 	107	968	642
norbertosnt3	676	7748	99.02	73915 	41	884	707
Diulenomo	677	7748	98.76	56652 	147	1,253	757
AxewB	678	7746	99.23	77631 	44	667	490
Y4ong	679	7741	99.21	145334 	56	787	939
taku	680	7741	98.76	47701 	204	3,159	1,068
r0beRT	681	7739	98.86	34086 	158	2,052	860
Mayzel	682	7736	99.30	159175 	591	3,611	867
-Akky	683	7735	97.60	66242 	15	541	1,027
xoho	684	7733	99.05	53840 	34	737	486
Yufina	685	7733	97.86	64775 	348	1,921	1,067
gpdl	686	7728	99.33	71907 	19	295	306
Imamoto	687	7727	99.27	72360 	786	2,779	1,217
MrPopCraft	688	7726	99.14	67191 	15	383	278
filsdelmao	689	7726	98.90	38110 	99	551	554
Oxia	690	7720	99.08	73449 	167	1,837	1,705
lndex	691	7718	98.72	68573 	80	1,188	662
Uzairr	692	7713	99.05	64515 	6	479	605
Ultraplex	693	7712	98.91	71234 	73	683	645
Anroyz	694	7711	98.65	138187 	55	917	1,063
SKaiBlue	695	7711	99.12	77048 	86	1,289	148
Lazer	696	7710	98.24	48363 	100	1,370	1,008
You_Cheng_Deng	697	7708	98.78	82931 	105	1,974	1,444
Kamykazi	698	7707	98.97	108254 	24	831	793
Ranker	699	7706	98.78	39407 	17	811	662
-_Firmament_-	700	7705	98.31	70272 	42	1,480	588
VXB	701	7705	99.19	91221 	129	874	737
Feraza	702	7704	99.29	69933 	629	1,306	902
TinyLoliGirl	703	7703	98.71	63482 	38	534	762
Eldera	704	7700	98.80	66384 	26	729	505
Chaoslitz	705	7699	99.88	76053 	3,023	549	1
Enhu	706	7698	99.11	96886 	361	1,550	767
5231_Kinoko	707	7696	99.45	219994 	693	6,917	1,220
Woey	708	7695	99.39	118951 	1,095	2,791	905
s3552515	709	7695	98.66	59602 	20	693	464
Quanteck	710	7693	99.01	123103 	90	1,086	1,189
DomenCherry	711	7692	98.32	25711 	66	503	917
Enns	712	7691	99.36	56869 	61	498	388
DvxNL	713	7689	98.26	57506 	74	1,221	1,655
RyuuBei	714	7688	99.00	67793 	199	1,627	782
ShadowSoul	715	7687	99.44	155018 	1,163	4,463	1,122
revurii	716	7686	98.59	77180 	9	606	772
half_chub	717	7685	99.12	62375 	69	591	623
PdPr0x_	718	7685	98.29	98368 	28	465	669
PajWoj	719	7683	99.30	81486 	222	1,192	575
Buro	720	7683	98.98	107697 	180	1,678	899
Reficul918	721	7681	96.26	46606 	9	632	630
serea	722	7679	99.48	203422 	1,064	2,035	116
Ferelix	723	7677	98.47	39569 	9	555	580
Kixs_Student	724	7676	99.14	37448 	51	661	464
Brown	725	7675	98.29	54100 	61	734	1,353
xasuma	726	7675	99.18	79216 	2,849	12,843	3,403
Diallo	727	7672	98.71	64605 	67	693	1,316
[_Mystic_]	728	7671	99.06	57798 	27	970	1,139
404_AimNotFound	729	7670	99.19	46323 	117	741	1,298
umii	730	7668	98.80	35621 	33	1,160	571
Silleth	731	7668	99.30	107020 	127	1,715	704
babu	732	7666	98.17	27548 	25	276	780
Boy_314	733	7665	98.72	47745 	45	981	871
OuO	734	7665	99.02	121773 	790	5,091	949
-Machine-	735	7661	98.47	59309 	119	853	1,539
Shayna	736	7658	98.60	35634 	261	1,433	1,612
YuyuKo_sama	737	7656	99.46	127888 	2,026	2,183	971
JappyBabes	738	7653	99.24	132138 	110	1,682	878
My_Rabbit_Chino	739	7652	98.87	49459 	27	525	521
_YuriNee	740	7651	98.89	74557 	205	2,141	1,239
Xytox	741	7646	98.96	84784 	274	2,237	692
vaporlol	742	7644	99.11	55752 	39	463	450
Electovoid	743	7643	99.38	47825 	67	796	1,046
pyccknn	744	7642	98.18	79041 	46	1,029	1,644
-cr1mmy-	745	7642	99.15	312155 	1,955	5,632	1,229
S_I_C_L_A	746	7640	98.92	24618 	15	330	168
-Rushi-	747	7639	98.90	40692 	93	1,412	789
Nitro	748	7639	99.53	157120 	378	2,055	905
DuhGamingPotato	749	7632	98.90	45845 	68	808	545
My_Angel_Kaoura	750	7632	98.87	51431 	51	852	1,281
mugio3	751	7626	99.76	107477 	1,178	983	34
DarkenedShad	752	7626	98.57	54295 	12	410	374
Betbuc	753	7625	99.40	58008 	136	1,678	1,560
_Degenerate	754	7625	98.64	63690 	13	948	1,012
kazamabc	755	7622	98.91	85544 	47	763	707
Jimzzyyy	756	7621	99.01	74381 	181	1,357	1,119
Chezz	757	7619	98.99	19808 	67	549	1,002
JohnyZ	758	7619	99.20	56008 	125	1,679	834
GuessWho	759	7618	98.27	56809 	84	829	515
Shokobear	760	7617	99.20	79979 	84	1,219	624
Kagetsu	761	7615	99.12	93532 	53	753	368
Saezury	762	7615	99.15	31441 	50	580	740
Dark_PHOENIX	763	7613	98.69	106146 	67	1,954	834
[_baka_3b_]	764	7613	98.85	77349 	36	2,077	1,453
[_Enju-chan_]	765	7611	98.18	77110 	15	582	246
RedLeaf	766	7610	99.01	39600 	162	1,375	701
Freezd	767	7609	99.21	50014 	63	407	382
Liya	768	7609	98.90	31417 	158	1,769	889
kjuszino	769	7609	98.15	119675 	22	578	662
Blanco	770	7609	98.68	79290 	26	748	884
Rakyero	771	7608	99.52	51184 	277	726	839
Criss	772	7606	99.07	56264 	92	1,294	2,041
Crissinop	773	7606	99.61	71186 	2,255	600	37
Andrew	774	7603	99.53	128213 	1,495	2,679	902
Sickoh	775	7603	98.33	82731 	12	413	406
kiiro127	776	7602	98.86	64786 	20	494	891
Neab	777	7600	99.09	130629 	961	4,724	1,215
[_oitaN_]	778	7600	97.07	63611 	160	1,373	940
Python	779	7597	98.75	98735 	81	736	953
XII	780	7591	97.58	76701 	194	1,400	1,579
Fataliis	781	7590	99.28	74351 	114	973	612
Knalli	782	7589	98.69	31138 	73	901	965
Polaris	783	7587	98.21	98567 	19	732	531
Hijikata	784	7586	99.34	185273 	512	3,825	1,257
Colors	785	7586	98.67	55639 	22	485	512
mrzomb	786	7586	99.09	100926 	552	2,527	1,414
0120	787	7585	99.10	73316 	0	1,099	613
Game	788	7585	99.31	100500 	190	1,918	1,057
Maxe191	789	7584	99.00	145914 	860	2,502	401
gudetamaJP	790	7583	98.69	79518 	511	3,686	1,119
Elzbieta	791	7583	98.93	59706 	83	746	772
GranDSenpai	792	7582	98.29	114211 	17	475	917
Lulek	793	7582	98.86	63293 	43	1,092	1,122
UoooooN	794	7580	98.82	52308 	138	1,030	862
Hranolka	795	7578	99.39	84533 	416	1,097	321
Vento	796	7575	99.19	51158 	20	404	329
Mismagius	797	7573	98.81	95834 	365	3,908	691
GaTu	798	7573	98.79	59142 	11	1,059	634
koksu0123	799	7573	98.79	36962 	18	285	286
ZephyrProxy	800	7570	99.16	95692 	51	516	129
punikidesu-	801	7570	99.07	106636 	447	1,855	439
Kalvin	802	7568	98.29	84907 	61	290	526
Cellina	803	7567	98.80	84080 	33	533	435
-_Slice_-	804	7567	99.68	122714 	393	1,172	785
erictran0	805	7566	98.74	35187 	77	1,052	772
gong_dae_sibal	806	7563	98.14	62173 	25	761	347
wlkkk	807	7561	98.73	88883 	48	784	621
Hakurai	808	7559	99.05	138468 	61	859	1,094
ExpertBOT	809	7558	98.62	78488 	101	787	514
Price	810	7558	98.82	112594 	23	347	573
Y_o_u_Y_o_u	811	7557	99.20	66365 	66	615	733
SyoZohma	812	7557	99.18	55223 	83	1,209	1,131
-Nanami_Aoyama-	813	7555	98.68	32820 	161	1,737	618
Climate	814	7551	99.06	138269 	1,440	1,860	26
IasiS	815	7551	98.68	141692 	110	2,083	503
-_BLiTz_-	816	7547	99.08	124282 	56	1,328	661
N_a_n_o	817	7546	99.29	136031 	747	4,660	194
Daeuk	818	7546	97.82	60055 	8	294	421
Xoulium	819	7545	98.76	104759 	46	1,084	774
Ampharos	820	7544	98.56	30154 	46	216	195
Xenbo	821	7544	98.40	71090 	94	513	200
Blazemon	822	7544	98.98	88801 	193	1,513	460
dioguitar44	823	7542	97.61	77804 	35	1,648	958
kiyumi	824	7540	99.72	110460 	1,784	560	345
[_-_Horo_-_]	825	7538	98.60	113846 	30	862	742
Kulezi	826	7537	99.26	125972 	98	730	769
step_201064	827	7536	98.96	70352 	20	776	1,004
Shika	828	7533	98.38	86571 	29	709	821
-Shouta-Kun-	829	7532	99.13	58615 	127	905	679
elchxyrlia	830	7532	98.47	66809 	38	783	846
Freyja	831	7532	98.33	26226 	38	453	398
Repulse	832	7531	99.04	82341 	128	751	653
Shelter	833	7531	95.00	61032 	104	688	332
WildzDesire	834	7529	98.43	161959 	219	894	101
Blairzey	835	7529	97.76	93422 	19	445	536
Proteus	836	7528	98.91	71284 	99	593	510
LLoyd-chan	837	7527	98.40	68986 	159	810	500
Timowoof	838	7526	98.23	43014 	31	872	1,215
byfar	839	7526	96.82	48382 	7	397	626
DarkFire	840	7526	99.48	86036 	175	1,272	741
Jarvis	841	7523	99.28	75662 	109	966	810
DazzLE_Wind	842	7522	99.03	97247 	178	2,375	848
Rairiku	843	7522	98.95	41120 	28	672	652
Wind_God_Girl	844	7522	98.75	39922 	60	428	519
Genny	845	7521	99.34	76919 	76	707	477
[_Nano_]	846	7520	99.35	84356 	309	1,093	983
Asunamaru	847	7518	99.23	62443 	47	722	453
vitoco09	848	7517	98.95	26839 	34	327	333
Chitogod	849	7513	98.83	37549 	12	557	482
Granje	850	7513	98.99	198034 	395	3,472	650
LuckDOTexe	851	7513	99.08	61233 	35	221	408
WakaiYuki	852	7513	98.74	57302 	95	620	591
Minu	853	7513	99.62	58183 	482	1,454	405
Monk_Gyatso	854	7512	98.41	87171 	34	1,087	1,431
Golden-Lin	855	7512	99.23	155668 	1,026	3,949	1,515
001thefish	856	7509	98.68	89071 	215	1,066	635
Maozis	857	7509	99.37	65911 	729	1,385	33
Miy	858	7508	98.65	104208 	369	2,611	1,487
froon	859	7507	99.07	80596 	57	3,910	2,335
Juhmall	860	7505	99.11	47711 	42	286	633
hlx_groden	861	7505	99.09	58220 	83	808	392
Tyguyy	862	7503	99.00	98256 	51	951	1,329
hisuiironosora	863	7502	99.09	64347 	48	1,182	787
Yukiyo	864	7502	98.97	38566 	59	807	1,089
Bites	865	7500	99.09	21775 	92	567	393
Tank_A13	866	7499	98.61	48591 	15	790	498
[_Larssen_]	867	7499	98.91	62942 	35	748	591
helix	868	7497	99.43	98551 	919	1,333	806
[_-_Sora_-_]	869	7497	98.65	52166 	23	1,038	791
Wonder	870	7496	99.40	83583 	620	1,337	875
[_Emperor_]	871	7494	98.31	101920 	39	727	606
Blank-	872	7493	98.53	35668 	41	1,079	732
rosshi	873	7492	99.40	61195 	529	1,448	325
-Miruku-	874	7489	98.74	54667 	76	937	1,361
Weertypoi	875	7487	99.08	50747 	66	927	554
TeePee	876	7484	99.36	56576 	39	422	611
ningalu	877	7484	98.22	59404 	42	533	615
Gao	878	7484	99.42	69222 	34	603	950
arth	879	7482	99.10	66297 	112	958	1,225
yandri	880	7482	99.66	46859 	197	1,324	177
Marimgorgar	881	7481	99.32	21246 	8	447	1,333
Ducks	882	7479	98.32	106501 	116	1,268	897
kairasu	883	7477	98.97	100702 	252	1,967	1,673
Amane-	884	7476	99.32	45941 	170	837	676
skySoranano	885	7476	99.39	73446 	304	1,266	0
Ivan	886	7476	98.80	71656 	132	1,142	866
_Xancos_	887	7475	98.84	73626 	181	703	539
Darkform	888	7474	97.82	69243 	64	603	471
My_Angel_Chippy	889	7472	98.34	55094 	111	1,879	868
Pumbossable	890	7470	98.59	94122 	43	963	632
Schwartz	891	7470	98.75	93821 	202	1,175	924
davidqu2	892	7469	98.48	71445 	24	1,238	1,024
Arakune	893	7468	99.15	27567 	46	645	808
----	894	7467	97.91	61218 	22	433	571
-P0INT-	895	7467	98.82	50970 	56	729	596
ABERON	896	7467	99.41	53859 	63	680	743
Toukai	897	7466	98.84	114768 	698	3,656	324
i_i	898	7464	98.18	17069 	60	815	495
Fumiko-	899	7463	98.13	26715 	20	515	502
Shiku	900	7462	98.55	65093 	80	985	713
skashiro	901	7462	99.06	61675 	155	1,468	1,320
Reira	902	7462	99.10	26968 	33	306	375
Timpai	903	7461	98.19	70342 	53	1,057	1,068
-peachtea-	904	7460	97.74	72344 	66	959	490
Rexeez	905	7459	98.94	39605 	61	859	897
Srayne	906	7458	98.66	109830 	202	1,758	1,532
Manakura	907	7457	98.58	38631 	33	852	817
WagnerWarrior	908	7457	99.00	47654 	32	615	732
iok144	909	7454	99.21	82324 	41	979	1,358
Hime-	910	7454	98.87	25875 	42	681	955
Avernus	911	7453	98.43	49962 	19	791	808
Nalian	912	7453	97.25	59167 	15	908	538
Shield	913	7450	98.95	86073 	75	800	789
KeigoClear	914	7449	99.23	100033 	303	946	595
okinamo	915	7449	98.57	37573 	25	426	754
Arthior	916	7448	99.19	116661 	80	812	379
Huang_Melin	917	7448	99.51	71625 	228	2,590	416
AYhaz	918	7447	98.58	93278 	41	852	794
SteRRuM	919	7446	99.18	60567 	137	657	636
AngeLDarkness	920	7445	99.46	115875 	702	1,372	544
Slowest	921	7444	98.80	91105 	104	761	464
21_sucks	922	7443	99.01	61128 	57	2,148	1,129
traps	923	7442	99.28	25368 	35	672	524
-_Bastian_-	924	7442	99.00	31841 	12	550	988
Katziezi	925	7441	99.28	64801 	87	1,086	835
Venrue	926	7440	97.68	60688 	13	242	573
-_2301_-	927	7440	98.87	115765 	30	1,066	1,170
MURROX	928	7439	98.22	44780 	8	368	408
-PC	929	7439	99.28	77965 	278	1,061	986
[NEX]	930	7437	99.39	88247 	172	2,021	769
nick1324	931	7436	98.98	36251 	37	688	635
thouka	932	7435	98.36	104585 	47	1,178	1,086
Rika_Desu	933	7431	98.39	114372 	33	501	709
Raindrop	934	7430	99.22	71709 	158	1,788	1,261
Milkabob	935	7428	98.65	55388 	76	559	1,251
Ma_yin	936	7426	98.51	88935 	58	1,380	772
Fr0th	937	7426	98.43	63706 	77	1,266	326
Glinky	938	7425	99.36	73516 	98	603	676
Vietz	939	7425	98.91	108871 	139	2,507	1,731
-Eniglizx-	940	7424	98.39	38007 	34	915	571
Gian	941	7423	99.16	106511 	195	1,622	640
Sarthorious	942	7423	98.84	63618 	41	956	1,533
bbackspinblow	943	7421	99.45	23047 	35	457	505
Squapple	944	7420	98.78	31182 	23	566	405
[_Destroid_]	945	7419	99.08	67299 	38	580	567
ClystaL-	946	7418	98.57	101564 	8	460	505
HiverK	947	7414	97.35	123172 	72	1,087	1,143
Kano	948	7412	99.31	75829 	226	955	1,785
Freckle	949	7410	98.90	124191 	169	2,071	1,169
MedMango	950	7409	97.88	94691 	11	694	572
yotampoco	951	7407	99.01	24689 	30	371	543
Nikosbks	952	7405	99.11	64507 	133	880	637
Swiftaay	953	7404	99.00	35291 	90	785	454
pielak213	954	7404	99.02	51569 	10	2,510	633
FreshMint	955	7402	97.88	79823 	55	428	534
sardine0221	956	7402	98.75	81431 	222	2,877	792
-Kanzaki	957	7401	98.97	89909 	220	1,451	888
-_Best	958	7400	98.41	124238 	15	474	813
My_Angel_Anzu	959	7398	98.61	80462 	62	900	712
Xtra	960	7395	99.24	72598 	33	617	697
-okaysonz-	961	7395	97.80	41120 	10	281	197
Antynum	962	7392	98.47	76966 	21	844	659
napaleon	963	7392	99.22	50330 	14	1,348	480
Alleros	964	7392	98.72	97854 	482	4,031	808
Mombei	965	7390	98.91	16788 	36	239	375
SkyArrow	966	7390	98.86	24152 	18	285	311
SP33DW33D	967	7390	98.83	25677 	22	410	567
kevjn	968	7390	99.12	10241 	16	100	134
Optimism	969	7389	98.88	63757 	223	1,745	602
-Kurisu	970	7389	98.02	97435 	77	559	496
Ice_Angel	971	7389	98.46	52894 	32	497	479
Hakkero	972	7388	97.85	118466 	953	2,671	652
ThePro365	973	7388	98.43	68751 	49	818	660
Peekamoo	974	7387	98.48	75246 	98	1,619	1,734
Curvely	975	7387	99.32	118500 	187	1,632	1,202
qsc20010	976	7385	98.69	81208 	52	1,124	1,439
Beako	977	7385	98.89	74736 	32	468	525
Zuness	978	7384	99.38	86159 	460	2,157	1,113
Kujinn	979	7384	96.64	75921 	10	572	649
MortalStriker	980	7381	98.93	46954 	121	1,063	546
listless	981	7380	98.60	98545 	88	850	774
TCN	982	7379	99.41	130276 	330	1,185	1,983
Burgerpower	983	7379	99.00	47164 	64	777	889
Muuki	984	7378	98.96	66783 	209	1,675	438
KoaLeahq	985	7377	98.79	55986 	56	1,000	583
-Ekik-	986	7376	99.63	49714 	194	843	448
spyro657	987	7375	98.65	32943 	69	445	453
skyegrey	988	7374	98.94	36950 	36	541	729
Seelder	989	7373	98.76	52746 	23	334	470
VRainbow	990	7370	98.88	66238 	20	502	1,044
-Lolicon_Lover-	991	7370	98.73	67400 	105	875	519
jeydude	992	7369	98.96	62591 	281	2,510	627
Yuki-Desu	993	7368	97.68	112099 	22	581	624
RhuvRCZ	994	7368	99.10	46819 	29	380	899
K_i_w_i	995	7367	99.19	46673 	44	613	310
Endie-	996	7366	99.08	41414 	55	895	1,603
_Mayuri	997	7366	98.48	74154 	85	2,484	1,303
[_YukiNone_]	998	7365	98.08	45988 	96	851	535
PeaChick	999	7364	99.48	181124 	417	2,172	383
Noobsicle	1000	7364	99.22	23385 	94	1,174	1,384
helix	1001	7632	99.42	105714 	1,042	1,554	913
HazzardFreak	1002	7631	98.93	64815 	300	2,967	767
Wind_God_Girl	1003	7631	98.78	43390 	62	459	577
Genny	1004	7631	99.41	77946 	77	713	486
Kujinn	1005	7630	97.24	86557 	16	637	680
[_Pustules_]	1006	7628	98.76	70197 	109	902	530
Astrafe	1007	7628	98.64	37861 	26	697	756
hmrkhmrk	1008	7627	98.71	72841 	125	1,661	644
mugio3	1009	7626	99.76	107498 	1,178	983	34
Maozis	1010	7626	99.40	70974 	749	1,495	22
DeleteNumber	1011	7624	98.81	59268 	68	713	517
Zallopomo	1012	7622	99.14	44875 	28	620	1,279
QbaDoo	1013	7622	97.91	81896 	12	653	720
ZachiZombie	1014	7622	98.76	56302 	40	1,338	506
Yuusuke	1015	7622	98.87	137667 	153	855	1,260
JohnyZ	1016	7621	99.20	56877 	125	1,699	876
Cerillion	1017	7620	98.04	132537 	33	878	605
[_baka_3b_]	1018	7620	98.86	77936 	37	2,093	1,469
Arthior	1019	7619	99.27	122901 	81	828	410
Neab	1020	7619	99.09	131207 	963	4,731	1,221
GuessWho	1021	7618	98.27	56809 	84	829	515
Liya	1022	7617	98.91	31541 	158	1,776	907
brain_damage	1023	7616	98.95	77900 	33	493	572
ClystaL-	1024	7615	98.64	105421 	9	485	580
[_Enju-chan_]	1025	7615	98.18	78969 	16	584	257
TCN	1026	7615	99.47	139918 	1,440	1,260	1,991
byfar	1027	7614	96.92	50664 	7	425	697
katatakatata	1028	7614	99.13	60805 	93	816	495
ningalu	1029	7613	98.25	64940 	46	598	653
Dark_PHOENIX	1030	7613	98.69	106146 	67	1,953	833
Kizan	1031	7612	98.81	67577 	81	935	384
Nexius	1032	7610	98.51	42814 	5	587	987
Shuezi	1033	7610	97.75	52487 	37	1,388	1,044
kjuszino	1034	7609	98.15	119714 	22	578	662
Blanco	1035	7609	98.68	79297 	26	748	885
Crissinop	1036	7606	99.61	71238 	2,258	600	37
WalyNrk	1037	7606	98.23	27490 	57	400	277
Andrew	1038	7605	99.52	129077 	1,500	2,708	926
Cellina	1039	7603	98.70	87172 	33	538	448
kiyumi	1040	7601	99.65	120847 	1,939	588	340
Piotrekol	1041	7600	98.79	102089 	423	4,662	1,378
meltz	1042	7599	98.60	118756 	16	429	379
[_oitaN_]	1043	7598	97.08	64845 	160	1,385	956
hvick810	1044	7598	99.27	153949 	176	2,075	1,392
Fataliis	1045	7597	99.28	78037 	119	1,020	637
Gildz	1046	7597	98.75	26141 	1	297	436
Lunarsol	1047	7595	97.84	60553 	47	448	497
0120	1048	7595	99.10	74848 	0	1,096	627
mrzomb	1049	7586	99.09	100977 	553	2,528	1,413
G4SH4	1050	7586	98.72	83092 	229	1,291	953
meltz	1051	7599	98.60	119254 	16	429	378
[_oitaN_]	1052	7598	97.08	64851 	160	1,385	956
hvick810	1053	7598	99.27	154485 	177	2,078	1,398
Fataliis	1054	7597	99.28	78061 	119	1,020	637
Gildz	1055	7597	98.75	26157 	1	297	437
Lunarsol	1056	7596	97.84	60734 	47	448	497
0120	1057	7595	99.10	74878 	0	1,096	627
MegaMK	1058	7592	98.68	70053 	63	528	280
zaqlev	1059	7592	99.23	120697 	43	362	1,210
TheOmyNomy	1060	7591	99.46	64672 	196	1,026	370
mrzomb	1061	7586	99.09	100977 	553	2,528	1,413
NexT50	1062	7585	98.73	50705 	78	764	238
Weyk	1063	7584	97.48	71342 	6	213	849
Climate	1064	7584	99.04	142601 	1,510	1,880	22
gudetamaJP	1065	7583	98.69	79548 	511	3,686	1,121
TopSp1n	1066	7583	98.26	62736 	282	773	959
Kiwigreen	1067	7583	98.58	88321 	27	509	1,341
JTttk	1068	7582	98.39	54764 	27	687	1,089
UoooooN	1069	7580	98.82	52343 	139	1,030	862
Fleimi	1070	7577	98.96	36961 	16	530	875
ExpertBOT	1071	7577	98.65	78997 	105	798	529
Minu	1072	7576	99.61	59307 	483	1,462	407
Hakkero	1073	7574	97.89	121397 	986	2,681	667
GaTu	1074	7573	98.79	59309 	11	1,059	634
punikidesu-	1075	7571	99.07	107039 	456	1,872	443
Hot_Korean_Girl	1076	7570	98.65	46103 	8	187	335
Kinoro	1077	7570	99.33	56119 	681	2,036	1,267
Gumi_Rin	1078	7569	98.98	69098 	372	1,483	729
Kalvin	1079	7568	98.29	85136 	61	290	528
erictran0	1080	7567	98.74	35293 	77	1,054	779
Ducks	1081	7566	98.27	113619 	116	1,328	926
Ma_yin	1082	7565	98.44	94261 	64	1,535	820
sasakure	1083	7564	98.14	62635 	25	763	357
nasobol90	1084	7563	98.09	53323 	101	668	873
Burgerpower	1085	7563	99.02	51773 	64	807	939
Alice_Carroll	1086	7563	98.50	117839 	65	1,139	1,032
Villdjack	1087	7562	98.88	78589 	132	2,260	1,509
Jairod	1088	7562	99.61	85292 	2,635	3,304	1,800
wlkkk	1089	7562	98.73	89152 	49	783	623
-_2301_-	1090	7561	98.90	120087 	30	1,084	1,187
RealCuT	1091	7561	98.86	62222 	256	1,381	605
Price	1092	7558	98.82	112972 	23	348	573
SyoZohma	1093	7557	99.18	55300 	83	1,207	1,134
Y_o_u_Y_o_u	1094	7557	99.20	66365 	66	615	733
henarca	1095	7556	97.70	27736 	819	1,488	777
-Nanami_Aoyama-	1096	7555	98.68	32820 	161	1,737	618
IasiS	1097	7553	98.68	144301 	112	2,089	543
Riley	1098	7553	98.93	55000 	62	567	545
[_Nano_]	1099	7551	99.32	92275 	325	1,215	1,065
Wonder	1100	7548	99.41	85197 	631	1,379	944
meltz	1051	7599	98.60	119254 	16	429	378
[_oitaN_]	1052	7598	97.08	64851 	160	1,385	956
hvick810	1053	7598	99.27	154485 	177	2,078	1,398
Fataliis	1054	7597	99.28	78061 	119	1,020	637
Gildz	1055	7597	98.75	26157 	1	297	437
Lunarsol	1056	7596	97.84	60734 	47	448	497
0120	1057	7595	99.10	74878 	0	1,096	627
MegaMK	1058	7592	98.68	70053 	63	528	280
zaqlev	1059	7592	99.23	120697 	43	362	1,210
TheOmyNomy	1060	7591	99.46	64672 	196	1,026	370
mrzomb	1061	7586	99.09	100977 	553	2,528	1,413
NexT50	1062	7585	98.73	50705 	78	764	238
Weyk	1063	7584	97.48	71342 	6	213	849
Climate	1064	7584	99.04	142601 	1,510	1,880	22
gudetamaJP	1065	7583	98.69	79548 	511	3,686	1,121
TopSp1n	1066	7583	98.26	62736 	282	773	959
Kiwigreen	1067	7583	98.58	88321 	27	509	1,341
JTttk	1068	7582	98.39	54764 	27	687	1,089
UoooooN	1069	7580	98.82	52343 	139	1,030	862
Fleimi	1070	7577	98.96	36961 	16	530	875
ExpertBOT	1071	7577	98.65	78997 	105	798	529
Minu	1072	7576	99.61	59307 	483	1,462	407
Hakkero	1073	7574	97.89	121397 	986	2,681	667
GaTu	1074	7573	98.79	59309 	11	1,059	634
punikidesu-	1075	7571	99.07	107039 	456	1,872	443
Hot_Korean_Girl	1076	7570	98.65	46103 	8	187	335
Kinoro	1077	7570	99.33	56119 	681	2,036	1,267
Gumi_Rin	1078	7569	98.98	69098 	372	1,483	729
Kalvin	1079	7568	98.29	85136 	61	290	528
erictran0	1080	7567	98.74	35293 	77	1,054	779
Ducks	1081	7566	98.27	113619 	116	1,328	926
Ma_yin	1082	7565	98.44	94261 	64	1,535	820
sasakure	1083	7564	98.14	62635 	25	763	357
nasobol90	1084	7563	98.09	53323 	101	668	873
Burgerpower	1085	7563	99.02	51773 	64	807	939
Alice_Carroll	1086	7563	98.50	117839 	65	1,139	1,032
Villdjack	1087	7562	98.88	78589 	132	2,260	1,509
Jairod	1088	7562	99.61	85292 	2,635	3,304	1,800
wlkkk	1089	7562	98.73	89152 	49	783	623
-_2301_-	1090	7561	98.90	120087 	30	1,084	1,187
RealCuT	1091	7561	98.86	62222 	256	1,381	605
Price	1092	7558	98.82	112972 	23	348	573
SyoZohma	1093	7557	99.18	55300 	83	1,207	1,134
Y_o_u_Y_o_u	1094	7557	99.20	66365 	66	615	733
henarca	1095	7556	97.70	27736 	819	1,488	777
-Nanami_Aoyama-	1096	7555	98.68	32820 	161	1,737	618
IasiS	1097	7553	98.68	144301 	112	2,089	543
Riley	1098	7553	98.93	55000 	62	567	545
[_Nano_]	1099	7551	99.32	92275 	325	1,215	1,065
Wonder	1100	7548	99.41	85197 	631	1,379	944Endie-	1101	7547	99.19	45379 	69	1,003	1,709
N_a_n_o	1102	7546	99.29	136716 	747	4,662	200
Rexeez	1103	7546	98.92	41480 	62	876	971
Kulezi	1104	7545	99.27	127818 	101	757	770
Minos_with_qsc	1105	7542	98.77	94754 	62	1,357	1,664
Summer_Solstice	1106	7540	99.22	99545 	82	1,168	982
-_Best	1107	7540	98.34	130120 	15	488	843
Akemi_Yume	1108	7539	98.05	62446 	73	1,173	1,030
S-e_r_v_a_l_y	1109	7538	98.77	58386 	88	1,366	937
13th_Seed	1110	7537	99.33	85663 	128	1,556	1,816
[Rem-Desu]	1111	7536	98.19	29258 	8	426	325
My_Angel_Yoshi	1112	7535	98.71	86855 	271	1,465	2,446
Shika	1113	7535	98.38	87799 	29	712	839
[-Koke-]	1114	7533	98.75	38291 	14	455	353
Tyguyy	1115	7533	99.00	102821 	71	1,072	1,410
elchxyrlia	1116	7532	98.47	66810 	38	783	846
Repulse	1117	7531	99.04	82394 	128	751	653
thouka	1118	7531	98.30	111914 	47	1,195	1,130
ichinose-san	1119	7531	97.35	48231 	27	712	1,131
Huang_Melin	1120	7531	99.60	74241 	232	2,611	423
L1NKED	1121	7531	98.84	90319 	115	1,560	1,230
LLoyd-chan	1122	7529	98.41	69368 	158	818	508
Horocchi	1123	7529	98.33	38551 	128	1,476	1,640
Ruikoo	1124	7529	99.17	101099 	58	650	200
-P0INT-	1125	7527	98.79	54182 	60	761	637
My_Angel_Chippy	1126	7524	98.37	64766 	138	2,163	946
Yusomi	1127	7521	98.41	127036 	86	1,723	1,136
Mont	1128	7521	97.30	67774 	16	322	308
Fumiko-	1129	7520	98.09	27468 	20	528	520
Tengu	1130	7518	98.68	67039 	161	1,786	1,120
DDM	1131	7517	99.27	40713 	194	619	548
Too_Slow	1132	7517	98.28	80050 	75	877	1,333
Lapis	1133	7517	99.07	36872 	116	740	521
Legestrophe	1134	7516	99.05	63608 	179	1,180	228
Katziezi	1135	7515	99.26	67472 	112	1,144	894
Granje	1136	7513	98.99	200000 	402	3,475	657
emu1337	1137	7513	99.01	77435 	252	3,258	3,261
Ivan	1138	7513	98.72	74649 	133	1,153	903
Golden-Lin	1139	7512	99.23	157502 	1,028	3,993	1,537
Hermatis	1140	7512	99.02	53328 	42	1,174	1,047
Digrick	1141	7511	99.29	90217 	871	2,187	340
ThePro365	1142	7511	98.56	73165 	51	866	701
Yuuzinho	1143	7511	98.75	80801 	115	749	615
Shiku	1144	7511	98.36	68191 	84	1,008	758
Valsora	1145	7510	98.59	57318 	57	1,036	899
Amane-	1146	7510	99.32	48642 	205	894	701
big_boob	1147	7510	99.02	122791 	241	3,573	2,158
hisuiironosora	1148	7509	99.10	65536 	50	1,204	802
kairasu	1149	7509	99.00	102874 	263	2,006	1,690
[NEX]	1150	7509	99.40	89247 	173	2,042	784
Miy	1151	7509	98.65	104647 	369	2,621	1,498
-Rei-	1152	7508	98.32	108582 	42	614	1,031
Electrovoid	1153	7506	97.78	28497 	8	415	487
emilow12	1154	7506	98.73	84903 	23	828	940
hlx_groden	1155	7505	99.09	58220 	83	808	392
Yukiyo	1156	7505	98.97	39180 	59	821	1,123
Blank-	1157	7504	98.52	36046 	41	1,088	750
Alleros	1158	7502	98.63	106747 	607	4,630	768
Nemitora	1159	7500	99.25	51055 	65	858	1,801
Optimism	1160	7499	98.82	67164 	229	1,803	695
avalanche	1161	7498	97.09	40871 	45	566	588
Duskuser	1162	7495	99.39	67909 	291	1,390	702
Slowest	1163	7494	98.84	94404 	114	790	484
bjbmw	1164	7493	98.92	119902 	119	761	476
Toonmasta	1165	7492	97.84	77914 	26	448	368
Pants	1166	7492	98.08	113746 	20	900	1,257
skySoranano	1167	7492	99.39	74676 	307	1,282	-1
Freckle	1168	7490	98.90	131614 	192	2,196	1,217
Weertypoi	1169	7488	99.08	50965 	66	930	556
Pandas	1170	7487	98.96	78371 	31	699	967
Gao	1171	7487	99.41	70501 	34	606	971
Jup3KW	1172	7486	99.33	42578 	13	463	706
Curvely	1173	7485	99.30	124538 	200	1,824	1,905
yandri	1174	7484	99.66	47366 	200	1,330	176
Marimgorgar	1175	7483	99.32	21854 	9	460	1,366
respektive	1176	7481	98.73	52090 	93	1,033	1,074
Lirufication	1177	7481	98.18	33670 	98	1,629	1,656
5EX	1178	7481	98.61	32963 	18	804	791
Arakune	1179	7480	99.17	27878 	47	650	813
_Mayuri	1180	7477	98.51	76673 	85	2,554	1,373
Kijoszi	1181	7476	99.15	89742 	112	590	607
Darkform	1182	7475	97.82	69691 	64	603	472
Mirinae-	1183	7474	98.65	42672 	47	554	931
skashiro	1184	7474	99.08	63811 	159	1,505	1,432
Pumbossable	1185	7473	98.60	94884 	43	966	637
K_i_w_i	1186	7472	99.25	47370 	46	623	316
[Sony]	1187	7471	98.07	39633 	187	1,389	699
sushimi	1188	7470	98.65	48209 	70	1,263	986
RoundNight	1189	7468	99.07	114788 	67	436	792
KonKonKinakoN	1190	7467	98.31	26755 	30	302	427
Curse	1191	7467	98.55	94309 	16	971	1,212
dat_boi_waffle	1192	7466	99.25	40349 	196	1,536	1,252
Toukai	1193	7466	98.84	115261 	702	3,691	323
Domino	1194	7465	99.03	32120 	68	943	1,167
Syfou	1195	7465	97.02	116732 	48	1,428	1,167
i_i	1196	7464	98.18	17072 	60	815	495
gtfo	1197	7463	99.19	65586 	508	3,376	846
Fl0nka	1198	7462	99.31	51149 	200	754	1,197
Peekamoo	1199	7461	98.54	77891 	100	1,664	1,817
[Custer]	1200	7461	98.90	112603 	45	877	1,160
-peachtea-	1201	7460	97.74	72424 	66	959	490
Seles	1202	7458	99.33	85418 	619	1,921	634
Manakura	1203	7458	98.58	38805 	33	852	820
Ketchup	1204	7457	99.30	60803 	147	1,229	1,960
Flosake	1205	7456	99.18	53162 	118	1,712	661
Apis	1206	7456	97.03	68942 	24	581	619
brianssa	1207	7455	99.04	60957 	24	868	774
Lolixir	1208	7455	99.50	69217 	502	1,336	503
[Raye]	1209	7455	98.67	34330 	60	705	455
-Eniglizx-	1210	7454	98.42	39304 	34	943	591
RhuvRCZ	1211	7454	99.06	48920 	30	394	935
Hime-	1212	7454	98.87	25875 	42	681	955
Moegi	1213	7453	99.32	32470 	137	1,138	284
[Trinity]	1214	7452	98.81	58526 	101	1,632	986
Super	1215	7451	99.32	61920 	80	1,007	1,002
Fawx	1216	7451	99.10	40421 	108	790	1,462
KeigoClear	1217	7450	99.23	100249 	303	945	597
GachiYuri	1218	7449	97.60	105653 	25	891	1,321
AYhaz	1219	7447	98.58	93278 	41	852	794
SteRRuM	1220	7446	99.18	60567 	137	657	636
21_sucks	1221	7445	99.00	62305 	58	2,205	1,141
AngeLDarkness	1222	7445	99.46	115875 	702	1,372	544
rnfma6228	1223	7443	97.94	24491 	39	481	453
Juandissimo	1224	7443	98.71	35318 	23	574	566
_shinji	1225	7442	98.75	71463 	75	745	630
Fr0th	1226	7442	98.42	64409 	80	1,286	307
-PC	1227	7440	99.28	79762 	282	1,076	988
Summer	1228	7439	99.21	71751 	348	2,503	1,071
blednak	1229	7437	98.93	161120 	188	1,875	710
GaCiel	1230	7436	98.59	35505 	45	403	355
Noobsicle	1231	7436	99.23	24484 	101	1,221	1,507
Glinky	1232	7436	99.34	75000 	98	608	686
ToucheDeVelour	1233	7434	97.61	48131 	152	3,001	1,128
Nikosbks	1234	7434	99.10	70383 	149	946	640
Chippy	1235	7431	99.64	65637 	76	548	730
baobob	1236	7431	98.22	52198 	78	1,487	875
Pengrio	1237	7428	98.86	52031 	22	506	955
Mareyo	1238	7428	99.27	87689 	288	3,402	1,683
explosionboom	1239	7427	99.22	48128 	66	654	635
Fyre	1240	7427	98.29	68084 	188	595	529
Golpad	1241	7427	99.28	46277 	102	614	687
D1nack	1242	7426	98.30	54640 	105	1,048	1,231
sardine0221	1243	7424	98.79	81912 	222	2,884	791
NeruNeru	1244	7423	98.42	89732 	111	1,546	520
IstackNeko	1245	7423	99.08	105128 	124	1,129	519
Ro_Neko	1246	7422	98.00	42038 	61	1,348	527
Bry_Guy	1247	7422	99.42	71410 	68	436	672
jeydude	1248	7422	98.91	64037 	283	2,604	629
lucasiturrarte	1249	7422	99.09	211615 	232	1,596	1,082
[_Destroid_]	1250	7419	99.08	67299 	38	580	567
Fetish	1251	7419	98.96	74774 	63	907	822
Stajlsu	1252	7417	98.98	152920 	70	942	1,054
Corelith	1253	7417	99.07	61618 	53	795	1,015
My_Angel_Anzu	1254	7417	98.63	82207 	62	909	745
-Urushihara-	1255	7414	97.81	56848 	88	1,026	468
-Kanzaki	1256	7413	98.97	91109 	221	1,470	910
Penguin_UwU	1257	7413	99.75	62606 	187	586	355
twenty	1258	7410	98.18	46767 	12	449	463
Lettuce	1259	7410	98.52	58391 	85	841	1,455
MedMango	1260	7409	97.88	94691 	11	694	570
Angeljim	1261	7408	97.66	100840 	57	1,929	1,100
_DerF	1262	7408	99.24	33292 	39	428	359
The100500	1263	7408	99.17	77439 	44	649	627
N2U	1264	7408	98.46	35158 	87	924	1,398
overcomplexifii	1265	7407	99.21	57525 	21	722	645
Desew	1266	7407	98.75	88563 	41	805	1,251
Muuki	1267	7407	98.98	72473 	215	1,805	462
Everywhere	1268	7406	98.96	58477 	41	524	862
FreshMint	1269	7406	97.88	80552 	56	432	551
ShuFunG-	1270	7405	99.34	54738 	72	799	895
pielak213	1271	7404	99.02	51577 	10	2,510	633
Tekkito	1272	7404	97.91	33966 	19	357	552
Pyaaa	1273	7404	98.81	66937 	66	667	876
-_Menma-	1274	7401	99.10	78750 	53	614	534
Rhijitsu	1275	7401	98.94	76180 	91	1,563	833
Ice_Angel	1276	7399	98.46	54978 	33	503	486
-CloudStrife-	1277	7398	98.26	107563 	25	651	869
Xtra	1278	7397	99.24	73666 	35	625	717
-okaysonz-	1279	7397	97.80	41566 	10	286	198
ima	1280	7397	99.12	15145 	5	96	297
[Neko-Chan]	1281	7397	97.35	68810 	11	278	664
Mombei	1282	7396	98.91	17962 	36	246	400
BartekBBBBB	1283	7396	98.94	79431 	124	986	1,243
Lilily	1284	7396	99.03	79628 	1,090	1,378	1,515
-minami_kotori-	1285	7395	98.01	79566 	11	585	759
napaleon	1286	7392	99.22	50330 	14	1,348	480
Jumbo	1287	7392	98.34	61291 	14	344	392
Tohru	1288	7391	98.43	98824 	94	1,858	655
Husk	1289	7390	99.12	91374 	70	1,528	1,017
Yumia	1290	7388	99.22	70558 	181	1,285	888
Flezlin	1291	7388	95.97	61612 	0	335	484
Nuggel	1292	7388	98.30	60129 	32	640	481
-o-	1293	7388	98.92	26879 	3	320	412
PainSinger	1294	7387	98.54	91286 	366	694	289
DigitalHypno	1295	7384	99.79	65637 	1,427	587	-36
DerpyPengu	1296	7384	96.90	62320 	8	521	643
Malvin	1297	7383	98.52	56852 	37	428	391
Carretto	1298	7383	98.59	99750 	2	494	908
Dymond	1299	7383	98.62	41728 	3	291	484
SrSkyPlayer	1300	7382	99.11	50297 	63	1,209	790
Bupper	1301	7382	99.17	81230 	554	1,340	1,646
Redmoss	1302	7381	98.67	85422 	148	1,285	858
Pavkil	1303	7381	98.72	82456 	32	717	814
-DuckLeader-	1304	7380	99.29	58126 	41	291	45
listless	1305	7380	98.60	98646 	88	851	774
Envy_ss	1306	7380	97.91	58811 	41	867	484
alkalde	1307	7379	98.19	53163 	68	659	547
Seelder	1308	7379	98.76	53370 	23	335	478
shineroo	1309	7377	98.89	36808 	36	439	614
-Ekik-	1310	7377	99.63	49753 	194	844	448
mosvannen	1311	7376	98.61	47364 	16	486	967
Meg	1312	7375	99.30	157833 	600	1,833	954
Bloodyguol	1313	7375	97.39	66348 	64	1,189	875
Puzzle	1314	7375	99.23	104464 	74	2,384	2,392
Abu	1315	7371	98.64	83824 	63	1,366	523
gonzup	1316	7371	99.79	10192 	59	90	3
Just_A_M0nk	1317	7371	99.01	181949 	186	3,525	933
BkrilL	1318	7370	97.81	34048 	11	541	804
swtk	1319	7369	99.02	93346 	49	840	659
Ayane	1320	7369	99.33	91863 	482	908	301
FINGERLOCK	1321	7367	99.33	83486 	130	668	472
[_YukiNone_]	1322	7367	98.08	46529 	98	859	541
e7793279	1323	7366	99.01	55578 	21	654	610
PeaChick	1324	7365	99.48	181529 	418	2,180	391
So_Amy	1325	7365	98.80	68247 	192	807	289
Tobi	1326	7365	99.20	121551 	78	1,228	1,011
zelda102	1327	7364	98.93	49821 	402	4,456	543
TheKoala	1328	7364	98.67	49007 	22	467	381
-_Lloyd_-	1329	7364	99.47	37530 	472	1,633	581
Megatron_is_bad	1330	7364	97.35	59070 	37	1,014	878
Desumond	1331	7363	99.14	67360 	169	898	964
DaDobster	1332	7361	99.10	61068 	23	411	303
blitzzzard	1333	7360	96.68	54747 	14	537	494
Potatorz	1334	7358	98.69	79372 	142	1,192	1,241
KingLizardYT	1335	7357	97.66	70292 	16	706	994
Rixia_Mao	1336	7357	97.71	20932 	37	766	184
Doge_Owner	1337	7357	98.95	64799 	216	988	659
space_potato	1338	7355	98.45	34392 	34	540	523
Dinoxe	1339	7354	99.37	48192 	24	468	560
ohiyaa	1340	7354	98.87	86771 	185	2,109	1,024
CookEasy	1341	7351	99.10	139340 	110	1,411	1,399
Rtyzen	1342	7351	94.99	34047 	52	1,355	962
util	1343	7350	98.20	68344 	21	908	1,223
Juno	1344	7349	99.53	56852 	100	1,178	562
Davyroo	1345	7348	98.78	54655 	46	1,070	1,103
Loazo	1346	7346	98.11	53418 	43	606	813
RealizeNezumi	1347	7346	98.89	17367 	11	257	545
Senjougahara_H	1348	7344	96.48	43836 	27	529	686
-Anastacia-	1349	7344	98.69	44304 	48	778	711
Aotoleen	1350	7342	98.53	67113 	46	456	662
Bupper	1301	7382	99.17	81230 	554	1,340	1,646
Redmoss	1302	7381	98.67	85422 	148	1,285	858
Pavkil	1303	7381	98.72	82456 	32	717	814
-DuckLeader-	1304	7380	99.29	58126 	41	291	45
listless	1305	7380	98.60	98646 	88	851	774
Envy_ss	1306	7380	97.91	58811 	41	867	484
alkalde	1307	7379	98.19	53163 	68	659	547
Seelder	1308	7379	98.76	53370 	23	335	478
shineroo	1309	7377	98.89	36808 	36	439	614
-Ekik-	1310	7377	99.63	49753 	194	844	448
mosvannen	1311	7376	98.61	47364 	16	486	967
Meg	1312	7375	99.30	157833 	600	1,833	954
Bloodyguol	1313	7375	97.39	66348 	64	1,189	875
Puzzle	1314	7375	99.23	104464 	74	2,384	2,392
Abu	1315	7371	98.64	83824 	63	1,366	523
gonzup	1316	7371	99.79	10192 	59	90	3
Just_A_M0nk	1317	7371	99.01	181949 	186	3,525	933
BkrilL	1318	7370	97.81	34048 	11	541	804
swtk	1319	7369	99.02	93346 	49	840	659
Ayane	1320	7369	99.33	91863 	482	908	301
FINGERLOCK	1321	7367	99.33	83486 	130	668	472
[_YukiNone_]	1322	7367	98.08	46529 	98	859	541
e7793279	1323	7366	99.01	55578 	21	654	610
PeaChick	1324	7365	99.48	181529 	418	2,180	391
So_Amy	1325	7365	98.80	68247 	192	807	289
Tobi	1326	7365	99.20	121551 	78	1,228	1,011
zelda102	1327	7364	98.93	49821 	402	4,456	543
TheKoala	1328	7364	98.67	49007 	22	467	381
-_Lloyd_-	1329	7364	99.47	37530 	472	1,633	581
Megatron_is_bad	1330	7364	97.35	59070 	37	1,014	878
Desumond	1331	7363	99.14	67360 	169	898	964
DaDobster	1332	7361	99.10	61068 	23	411	303
blitzzzard	1333	7360	96.68	54747 	14	537	494
Potatorz	1334	7358	98.69	79372 	142	1,192	1,241
KingLizardYT	1335	7357	97.66	70292 	16	706	994
Rixia_Mao	1336	7357	97.71	20932 	37	766	184
Doge_Owner	1337	7357	98.95	64799 	216	988	659
space_potato	1338	7355	98.45	34392 	34	540	523
Dinoxe	1339	7354	99.37	48192 	24	468	560
ohiyaa	1340	7354	98.87	86771 	185	2,109	1,024
CookEasy	1341	7351	99.10	139340 	110	1,411	1,399
Rtyzen	1342	7351	94.99	34047 	52	1,355	962
util	1343	7350	98.20	68344 	21	908	1,223
Juno	1344	7349	99.53	56852 	100	1,178	562
Davyroo	1345	7348	98.78	54655 	46	1,070	1,103
Loazo	1346	7346	98.11	53418 	43	606	813
RealizeNezumi	1347	7346	98.89	17367 	11	257	545
Senjougahara_H	1348	7344	96.48	43836 	27	529	686
-Anastacia-	1349	7344	98.69	44304 	48	778	711
Aotoleen	1350	7342	98.53	67113 	46	456	662
Jacob	1351	7342	98.76	57155 	84	733	773
EreCuLu	1352	7342	97.20	58465 	164	2,085	366
_verto_	1353	7341	98.67	85771 	105	3,632	1,407
KagaR	1354	7341	98.87	73301 	149	1,619	855
InabaTewi	1355	7340	99.04	98059 	289	2,041	287
cannedfruit	1356	7339	99.59	53509 	162	513	467
Soly	1357	7338	98.43	56999 	42	1,075	1,105
rys	1358	7336	98.00	49707 	34	556	730
mby	1359	7336	98.83	51190 	38	3,261	380
Myth	1360	7336	98.69	43420 	71	1,072	468
xAssassin	1361	7336	98.62	124563 	306	2,494	542
goto99	1362	7335	99.22	62774 	58	403	676
--w--	1363	7334	98.08	52848 	12	450	1,059
Grapheon	1364	7334	98.55	128296 	20	570	580
Shiratu	1365	7334	99.48	42796 	252	1,386	747
SIMONETRAPANI	1366	7334	98.57	47333 	19	543	624
bossan	1367	7334	99.39	61103 	461	2,183	1,344
Fuyu	1368	7332	98.87	122156 	382	2,798	567
Gio	1369	7332	98.91	99386 	30	1,408	568
96013M88	1370	7330	96.80	99669 	26	492	787
Vocal	1371	7330	98.68	95138 	76	1,140	964
Haiyu	1372	7329	98.75	23456 	14	407	656
My_Angel_Kouko	1373	7329	99.24	84372 	83	1,513	3,176
AIoli_Sauce	1374	7328	98.98	125398 	15	738	1,532
LukenSkyne	1375	7328	99.27	17172 	137	619	286
Aoiyuuki-	1376	7328	99.27	20671 	396	1,248	71
twofor199	1377	7327	98.68	59164 	28	620	891
Big_Z	1378	7327	99.22	60766 	216	1,160	481
-_Matha_-	1379	7326	98.48	39274 	26	486	357
D_u_c_k_y	1380	7325	98.48	87948 	26	687	886
Benton	1381	7325	98.61	69950 	87	971	625
Karuna	1382	7323	99.08	45550 	111	1,080	1,161
[_Blue_]	1383	7322	98.75	46514 	67	654	453
Xim	1384	7322	98.66	53865 	68	898	1,051
FlashoFoSho	1385	7321	96.64	76809 	21	392	528
Kenshin	1386	7321	98.80	88442 	174	969	722
Snowio	1387	7320	99.34	129547 	890	2,185	816
SoRayZe	1388	7320	98.78	120880 	170	1,707	905
TehJulppu	1389	7319	97.71	65370 	6	205	479
Lolzep	1390	7318	98.66	23774 	90	1,129	842
Kiminimo	1391	7318	98.74	47266 	76	988	394
Playboy	1392	7318	99.37	84205 	435	2,706	977
[_Rianyang_]	1393	7317	99.34	90853 	141	1,070	1,438
MAJINAx	1394	7316	99.40	40216 	182	883	811
Raishu	1395	7315	98.73	42430 	44	1,187	642
KoTo	1396	7315	98.82	153979 	90	2,432	1,053
FzimoNN	1397	7313	98.99	63913 	258	1,358	114
Houkago_Stride	1398	7311	98.60	30110 	13	438	448
Nykke	1399	7311	98.20	67649 	60	529	539
[_nong422_]	1400	7310	99.12	46921 	67	621	329
[_nong422_]	1401	7322	99.14	47031 	67	622	336
FlashoFoSho	1402	7322	96.64	76869 	21	392	528
Kenshin	1403	7321	98.80	88442 	174	969	722
SoRayZe	1404	7320	98.78	121124 	170	1,708	909
MAJINAx	1405	7320	99.40	40383 	183	884	812
Lolzep	1406	7319	98.66	23905 	91	1,129	852
Kiminimo	1407	7318	98.74	47277 	76	988	394
Playboy	1408	7318	99.37	84213 	435	2,706	977
Raishu	1409	7315	98.73	42430 	44	1,187	642
KoTo	1410	7315	98.82	153979 	90	2,432	1,053
Yentis	1411	7313	99.39	47983 	185	2,520	964
FzimoNN	1412	7313	98.99	63918 	258	1,358	114
TKyoko	1413	7312	98.71	59679 	101	785	352
Cres	1414	7312	99.27	103344 	931	4,539	987
Houkago_Stride	1415	7311	98.60	30110 	13	438	448
Forseen	1416	7310	99.20	210416 	924	2,968	81
kLeptO	1417	7309	99.02	80745 	14	522	732
Gnuu	1418	7309	98.94	134852 	93	1,695	1,194
Cornfield	1419	7309	99.22	60468 	144	1,118	831
[_Kuro_Usagi_]	1420	7309	98.95	86730 	586	2,400	1,009
Lotte	1421	7308	98.88	60578 	129	1,174	640
Div	1422	7307	99.02	45617 	40	450	701
Kyschel	1423	7307	99.31	88452 	44	533	588
-Lolisim-	1424	7306	99.30	43360 	94	949	670
Slips	1425	7306	98.97	54456 	91	1,240	578
Otters	1426	7303	99.17	52869 	61	396	478
aqing1717	1427	7303	97.69	95690 	7	1,846	1,271
Zhen_Ji	1428	7303	99.47	56501 	180	1,219	1,485
Pizzarro	1429	7302	98.92	52335 	311	1,020	867
Zprait	1430	7301	99.18	50125 	352	805	511
Zola	1431	7299	99.57	29621 	69	560	474
Krakence	1432	7298	99.09	25107 	102	472	440
val0108	1433	7297	98.52	95142 	106	3,265	1,520
Distant_years	1434	7297	98.76	46222 	69	1,589	1,011
Remilia-yuu	1435	7297	98.41	126753 	23	497	538
Alpinum	1436	7296	98.98	15205 	14	438	811
My_Angel_Hibiki	1437	7295	95.68	36442 	46	366	410
Korean_Girl	1438	7295	98.90	26991 	26	580	368
xXKorreal420Xx	1439	7293	98.87	50869 	90	665	273
[_HKZ_]	1440	7293	99.06	80456 	2,973	904	989
fs000	1441	7292	99.12	73402 	238	2,059	631
Destiny9	1442	7290	99.13	46991 	27	626	718
allives	1443	7289	98.46	96630 	77	807	471
pudingkokoro	1444	7289	99.30	85216 	1,263	603	160
Ainyannnnn	1445	7289	98.92	64753 	77	1,116	560
[_Niku_]	1446	7287	99.47	69861 	75	1,194	1,240
ibrocky	1447	7285	98.70	81223 	64	1,458	1,057
-_Croma_-	1448	7285	98.43	102033 	192	1,936	1,761
zin	1449	7285	98.24	48128 	158	1,270	974
snowrain	1450	7285	97.54	121180 	623	2,002	635
Tentsuki	1451	7284	98.75	93814 	112	1,692	912
jvt	1452	7284	98.68	39001 	30	699	1,098
Eiikon	1453	7283	97.94	101051 	111	1,207	668
Boxes	1454	7283	98.92	39601 	30	899	932
vrexoh8624	1455	7282	98.02	63143 	9	321	337
Node	1456	7282	99.24	56222 	153	535	743
JaeSu	1457	7281	99.18	52546 	30	687	490
Maivo	1458	7280	98.79	55933 	10	485	460
Kysteria	1459	7278	98.99	49755 	132	1,485	1,537
Meticulous	1460	7278	98.32	19236 	95	662	579
Momoka	1461	7278	99.23	56517 	132	937	579
[banana]	1462	7277	98.75	84565 	185	1,909	655
[_Micaloda_]	1463	7277	99.00	50819 	117	320	138
-_e_-_v_-_b-	1464	7277	99.29	54483 	45	809	839
Chuquebecois	1465	7275	98.07	53669 	12	605	948
Tooko_Amano	1466	7275	98.80	101619 	77	874	1,293
Ciera	1467	7275	99.26	80817 	752	3,393	560
JuZu	1468	7275	99.01	49017 	34	1,055	811
Capu	1469	7270	99.28	54130 	57	790	871
Vendemmia	1470	7269	99.16	91090 	473	2,210	560
BLooDBuRSTiNG	1471	7267	98.74	62867 	22	590	602
NH2-Suika	1472	7267	98.94	13984 	35	473	637
zisamEr	1473	7267	99.57	39776 	1,404	1,236	370
Legless	1474	7267	98.83	69215 	48	1,362	713
LastKiss	1475	7266	98.96	84678 	56	1,008	687
Elferj	1476	7265	98.58	96462 	18	544	661
raycoN	1477	7265	99.11	106155 	58	712	640
Trigg	1478	7263	99.28	82366 	77	811	502
Snase	1479	7263	99.19	49157 	87	740	713
Cecile	1480	7263	98.91	96625 	268	2,017	654
Ezipie	1481	7263	98.53	108879 	10	604	634
Kayne	1482	7263	98.93	77663 	520	1,614	410
Haruhi-	1483	7261	99.29	95190 	334	1,202	987
iCurse557	1484	7261	98.55	51780 	15	477	894
TrickMirror	1485	7261	99.02	166351 	457	3,659	1,255
hlanden	1486	7261	99.35	104681 	184	1,142	1,481
ToGlette	1487	7261	99.18	66776 	345	1,890	1,949
mithew	1488	7260	97.96	110710 	69	643	786
YokesPai	1489	7259	98.04	32335 	21	594	324
PudiPudi	1490	7259	99.20	83977 	128	1,739	687
bubbagumperson	1491	7257	99.14	66717 	230	1,402	1,989
6974892	1492	7255	99.17	24801 	9	542	368
pocky310	1493	7254	98.31	66338 	68	1,390	1,749
Radiateur	1494	7254	98.66	43198 	143	1,113	838
MrAvocadoMan	1495	7253	98.28	50884 	26	620	1,135
oribe	1496	7253	97.42	125611 	44	1,302	415
Weber	1497	7251	99.29	36498 	171	953	924
Rippu	1498	7250	99.18	58380 	29	521	911
ahegao	1499	7250	98.80	61858 	107	657	735
Osama	1500	7250	98.84	126980 	63	1,446	1,003
sebek64	1501	7250	98.35	43076 	42	703	395
YuLi	1502	7249	99.01	101087 	178	1,529	936
mukaitou	1503	7248	99.59	96579 	827	1,313	1,033
ROZPIERDALACZ	1504	7246	95.52	42495 	7	403	796
Guiz	1505	7246	99.26	51533 	66	726	612
HoriTatsuka	1506	7242	98.87	51985 	14	530	528
quattro_cani	1507	7242	98.60	56738 	11	551	703
TrySail	1508	7241	99.32	44083 	44	515	548
Hime_Lotus_-	1509	7241	97.85	82270 	39	1,305	389
Betwin	1510	7240	98.36	44224 	39	998	1,148
Iliekwaffles	1511	7240	98.20	40522 	7	322	258
Azers_Mom	1512	7238	98.71	52443 	20	369	571
yykkrr	1513	7238	98.04	23917 	30	1,063	1,397
_AfterWind	1514	7238	99.16	61950 	137	1,213	1,056
Acarsky	1515	7237	98.50	78100 	112	1,728	899
lee82088	1516	7237	97.87	37508 	21	623	1,048
iDevilous	1517	7236	98.45	44846 	15	320	545
RyoidenshiSama	1518	7235	98.96	65344 	141	969	609
Nibu	1519	7235	99.26	52871 	36	728	673
KingKitsaer	1520	7234	98.88	56215 	84	511	340
Kungen	1521	7233	98.71	110655 	33	1,116	1,425
Ernte23	1522	7233	97.98	46446 	6	296	689
Xantaria	1523	7232	99.13	47516 	73	1,073	990
Lee_Jung_Hyun	1524	7232	97.16	59855 	55	1,199	771
Thunderbolt235	1525	7231	99.52	114765 	785	1,280	987
Fenan	1526	7231	99.05	93534 	174	1,476	465
Salazarino	1527	7231	99.36	47841 	229	1,139	407
Rewolution	1528	7230	99.31	108119 	1,364	2,590	449
Tell	1529	7229	99.33	24200 	59	523	631
Aragami	1530	7229	98.64	76818 	36	905	995
Trivium	1531	7227	98.18	89287 	36	861	777
Near-N	1532	7227	98.22	12501 	8	191	449
death_grips	1533	7227	98.75	76644 	83	513	579
vick	1534	7227	99.12	70668 	179	1,041	686
Poteha	1535	7225	98.88	113157 	90	1,153	971
SanteriP	1536	7224	99.02	9586 	42	435	589
-Tofik-	1537	7224	99.19	109500 	112	645	762
kuroino[ni-so]	1538	7223	98.59	51400 	27	653	1,399
Ekoro	1539	7223	98.34	80306 	181	1,136	593
Temprrr	1540	7222	98.32	45194 	22	600	640
N_a_n_a_m_i	1541	7221	98.27	65081 	38	1,149	746
Zboys	1542	7221	99.41	71783 	182	1,767	580
7_K_e_n_a_n_a_7	1543	7219	97.50	105711 	33	401	502
Chtioploute	1544	7218	98.45	63066 	82	707	820
xXmcgamer2004Xx	1545	7218	99.15	108524 	101	1,710	2,044
Niksukii-Senpai	1546	7217	98.60	91930 	97	2,180	983
Fumax	1547	7217	99.40	55471 	179	838	1,424
Forget_me_not	1548	7215	99.49	49838 	157	1,218	1,144
blizzardice	1549	7214	93.12	30661 	14	314	445
pp447576	1550	7213	99.17	40745 	133	1,192	1,002
Betarift	1551	7212	96.44	84434 	26	755	451
konawiki	1552	7212	99.22	76353 	11	400	159
Dragonmob	1553	7212	93.65	24247 	3	140	316
Exp0nent	1554	7212	99.37	44936 	42	345	583
Xenou	1555	7211	98.70	84247 	22	664	841
Dare	1556	7211	99.24	69082 	131	1,760	1,245
Oreon	1557	7210	98.72	65585 	114	1,481	882
ThePainG7	1558	7210	98.62	102616 	32	863	970
Ruru	1559	7209	99.09	62324 	135	1,414	415
KebinTea	1560	7208	98.71	59869 	109	1,005	1,228
-_s_t_e_n-	1561	7208	99.13	42813 	30	570	229
CptAncient	1562	7205	97.27	47694 	33	705	572
Poofie	1563	7205	99.12	73257 	69	1,167	1,662
[Vu]	1564	7205	99.90	35052 	198	525	233
Nyari	1565	7203	98.32	58931 	26	1,053	1,038
Qchan	1566	7203	98.19	49595 	58	864	487
heikneuter	1567	7203	97.69	106113 	1	257	495
PoteznyBartosz	1568	7203	98.11	53431 	83	454	411
Z1nc	1569	7202	99.09	55322 	29	533	364
_derp	1570	7201	99.10	52487 	74	1,383	1,396
Levi_Taichou	1571	7200	98.74	47492 	77	1,121	899
borumi	1572	7199	98.76	24622 	33	477	705
DubiosSchiffer	1573	7197	98.30	81876 	27	948	319
Fixr	1574	7197	99.12	66808 	31	1,237	1,556
ByYoshi14	1575	7196	98.98	48932 	63	602	584
Lunaii	1576	7195	99.09	55314 	510	1,567	847
bules2	1577	7195	98.63	45163 	36	616	1,146
Lafarius	1578	7194	98.83	56621 	30	537	576
Manu028	1579	7194	99.31	66410 	98	827	1,185
SteffoST	1580	7193	98.42	40232 	24	693	1,065
One_Miss	1581	7192	99.31	103002 	108	1,369	1,580
cavoeboy	1582	7191	99.00	26975 	44	613	1,416
Minil	1583	7191	98.53	46191 	23	473	212
Thundur	1584	7190	98.75	107427 	267	951	1,247
Coolgav	1585	7190	98.55	72594 	76	1,234	1,671
Shott	1586	7187	99.35	181019 	79	1,713	1,402
Kaine	1587	7186	98.17	24542 	67	627	507
quipo	1588	7185	98.64	28021 	12	429	649
Pain	1589	7184	99.32	90559 	385	1,660	601
vetochka	1590	7184	98.55	90345 	31	1,170	1,189
Ultimatum	1591	7184	99.23	39357 	164	1,408	1,132
dezodor	1592	7182	98.83	10725 	10	174	306
Nashiro-	1593	7181	99.30	74821 	77	816	717
Asahi	1594	7180	99.24	136308 	287	4,056	416
Rudii	1595	7180	98.84	44568 	56	1,100	778
Zelnehuln	1596	7178	98.55	48881 	57	680	766
Blondazz	1597	7177	99.09	52485 	65	590	495
Kup92	1598	7176	98.87	94781 	54	1,596	781
CatsOnAcid	1599	7176	99.15	79760 	45	1,288	608
ElektroFire	1600	7176	99.07	32115 	113	1,282	1,349
AceofSpades77	1601	7175	99.20	41315 	128	1,366	1,215
laibin	1602	7174	98.30	30189 	32	828	441
deyo	1603	7173	98.27	42001 	180	1,658	499
Regou	1604	7173	98.66	77127 	79	856	502
Sonoda_Umi	1605	7173	98.38	199999 	155	2,973	952
er1cch3n	1606	7173	99.20	30368 	59	360	403
Applause	1607	7171	99.03	68662 	83	522	304
WhiteLily	1608	7170	98.64	48601 	48	823	421
OK_Kenny	1609	7167	99.06	52241 	36	684	590
Niel	1610	7166	98.00	84574 	6	418	329
WeanXianzheng	1611	7165	99.17	52047 	113	1,243	371
Bureizu	1612	7164	99.09	66734 	185	1,101	606
RoboTripSenpai	1613	7164	98.81	27150 	67	869	1,003
tomatoh4wk	1614	7164	99.09	47967 	19	997	861
[-_Nishi_-]	1615	7163	98.32	50482 	192	2,188	552
Bladma	1616	7162	98.52	48939 	62	719	949
morikuso	1617	7161	98.55	55082 	98	1,820	1,087
JedahEX	1618	7161	99.59	23702 	559	19	0
Salvage	1619	7160	99.46	102760 	936	6,034	10
PunkyBoy	1620	7159	98.59	86291 	86	1,861	1,334
Susano	1621	7159	96.97	55961 	34	654	601
[MoorE]	1622	7159	98.52	85274 	92	1,118	512
mentalw	1623	7158	99.10	56419 	52	1,117	894
Lea	1624	7158	98.63	96424 	95	1,133	1,190
Palivion	1625	7157	98.96	29901 	18	505	851
Subbie	1626	7156	99.31	140011 	2,325	1,587	157
chokma	1627	7156	98.81	26342 	51	412	267
Yukino_Miko	1628	7156	100.00	124748 	4,839	20	133
SupremeChaoss	1629	7153	98.32	73653 	52	782	665
mook	1630	7152	99.40	120305 	104	606	395
Fl0master1337	1631	7152	99.37	50030 	434	1,786	579
Shaww	1632	7152	98.64	45891 	211	1,370	1,417
Kymera	1633	7151	98.47	58991 	86	1,582	1,405
[_-Sora-_]	1634	7151	98.40	65659 	15	481	728
Araragi_Karen	1635	7149	99.35	60439 	167	1,436	1,613
mrqsz	1636	7147	98.99	47787 	58	384	384
potatoes	1637	7147	98.91	44542 	25	490	620
Noiraku	1638	7146	99.07	138237 	152	3,100	599
KiTeaa	1639	7146	98.48	61676 	147	1,071	344
cezgru	1640	7146	98.45	72065 	50	665	624
FANTAstic	1641	7145	99.25	33112 	70	1,118	804
Getus_Rektus	1642	7143	99.21	48188 	95	1,279	762
ThatRandomguy	1643	7142	98.93	45146 	33	720	304
WeirdAlYankovic	1644	7142	97.69	37156 	573	1,394	1,301
Espaas	1645	7142	99.25	74278 	620	1,653	777
Woobowiz	1646	7141	98.85	85659 	53	740	751
_Forse_	1647	7139	98.22	27369 	17	599	828
anticlown111	1648	7139	99.18	51606 	175	2,443	695
BAKKALO	1649	7138	97.61	67231 	20	572	712
Mazzerin	1650	7138	99.31	55930 	57	1,458	438
_kotachi_	1651	7137	98.64	90334 	44	427	528
Jordan	1652	7137	98.90	135832 	574	3,043	1,750
Leftiezi	1653	7136	99.61	65671 	321	967	1,851
ezu	1654	7135	98.63	58109 	14	381	488
Loaf	1655	7133	98.86	32558 	46	597	1,107
Kert	1656	7133	98.59	158628 	394	2,080	1,120
Kenny	1657	7131	98.80	119559 	497	1,259	355
Miu_Matsuoka	1658	7131	98.44	35503 	164	1,290	329
Azure_Desu	1659	7130	97.88	75692 	42	795	567
Clyine	1660	7130	98.50	57402 	34	1,486	1,146
Dizvo	1661	7130	99.22	37392 	79	403	360
waezone	1662	7129	98.98	41892 	27	577	884
Fuma	1663	7129	98.78	92018 	99	768	671
Shleffles	1664	7128	99.08	39506 	51	635	761
SevenTeen-	1665	7127	98.86	72420 	50	2,021	576
0203okaT	1666	7126	99.20	58247 	452	3,155	343
YuaKKuma	1667	7126	99.34	150160 	1,271	5,409	592
Glazbom	1668	7125	99.31	139878 	309	3,482	1,030
TheWildTree	1669	7123	99.54	69035 	426	1,427	661
Neko_Mimi	1670	7123	99.16	94524 	999	1,019	584
_Ariel_	1671	7122	99.48	60617 	322	816	249
Nozomii	1672	7121	99.30	63183 	86	616	761
Lufu	1673	7121	98.01	41662 	41	752	413
Passara	1674	7121	98.26	87338 	19	1,323	1,457
Tilted_af	1675	7119	98.71	63939 	43	968	581
zakipwnz	1676	7119	99.14	95561 	215	2,292	882
Lucid_Astray	1677	7118	99.06	96454 	109	1,980	1,232
seegii	1678	7117	99.21	71521 	240	1,596	1,329
Alkees	1679	7117	98.84	63910 	85	858	407
haxsu	1680	7115	98.96	163704 	160	1,290	978
Jukkii	1681	7112	99.08	64640 	340	1,639	71
Hakura	1682	7111	99.15	41373 	53	658	754
BygyJoel	1683	7111	98.85	61442 	608	1,803	910
9eater	1684	7111	98.17	23686 	23	285	404
Mikoto	1685	7108	99.37	96540 	2,174	3,876	8
First_Love	1686	7107	98.98	43907 	117	1,030	801
Salopenidas	1687	7107	98.92	51704 	207	1,426	815
_vu69	1688	7107	99.28	53827 	65	742	796
Not_Tomori	1689	7106	98.97	22593 	44	446	831
jtpetino	1690	7106	99.11	64105 	56	680	1,100
Chinese_Yazi	1691	7105	98.98	70176 	87	1,331	2,074
Explosion007	1692	7105	98.42	51909 	29	414	426
Ambre	1693	7104	98.74	80865 	28	890	728
markii	1694	7103	98.50	37838 	8	461	728
dkdfldpxk159	1695	7102	98.30	16895 	9	284	411
Dzyre	1696	7102	98.82	76572 	38	997	409
NicoSan	1697	7102	98.81	60111 	10	769	823
Mind	1698	7100	98.97	107906 	79	691	598
Crafticious	1699	7100	98.64	53505 	30	375	541
4ikos	1700	7099	99.49	60990 	307	1,593	1,196
[_Beatrice_]	1701	7099	99.65	166527 	4,273	3,323	181
AfricanMonk	1702	7099	97.14	47732 	13	710	547
Leissss	1703	7098	97.36	37628 	15	537	455
a_humble_duck	1704	7098	98.62	58331 	33	438	784
Zodark	1705	7098	98.98	75435 	64	972	1,603
rrtyuki	1706	7097	99.19	20957 	20	341	869
-BronzeKen	1707	7096	97.99	63309 	14	957	801
Appleti	1708	7095	98.99	45131 	85	1,011	-5
zuge	1709	7095	96.38	63413 	21	932	618
ruruuJr	1710	7095	99.23	57267 	79	1,196	1,169
Beenrz	1711	7094	98.81	33231 	35	574	576
Corompus	1712	7093	98.76	83559 	140	1,074	1,209
Nano_List	1713	7093	97.86	32553 	3	293	495
Neva	1714	7093	98.62	5090 	15	215	123
Keirun	1715	7092	98.66	58592 	19	725	644
Deyv	1716	7092	99.06	45346 	79	774	1,616
cbunny	1717	7091	95.88	65721 	3	1,061	856
Death_Zone	1718	7090	99.52	22174 	150	917	218
Badcat	1719	7090	98.65	105225 	34	515	191
MrFuture	1720	7090	98.90	59712 	45	323	334
Russy	1721	7089	98.67	66097 	23	1,269	946
Visemir	1722	7089	99.19	70237 	111	919	1,055
Cherie	1723	7088	99.31	14564 	121	364	2
Nectarine	1724	7088	98.96	68675 	67	813	601
-Nemesis-	1725	7086	98.71	62966 	141	1,650	1,624
Rika_Furude	1726	7086	98.77	32703 	44	531	1,001
Kosmonaut	1727	7086	98.83	63423 	30	1,014	687
Wynner	1728	7084	98.98	76117 	37	651	679
Ashes	1729	7082	99.36	84176 	45	362	357
DrayZess	1730	7082	98.98	49773 	14	560	619
ShiraKai	1731	7081	98.86	69874 	463	2,777	681
Chug	1732	7079	95.50	99999 	0	354	381
Seinaru	1733	7078	98.52	50681 	8	274	690
PentaFish	1734	7077	98.17	48658 	12	215	226
[_Splash_]	1735	7077	99.24	63010 	953	1,539	783
smau5	1736	7077	98.72	77495 	21	708	859
ImpurePug	1737	7077	98.82	78819 	21	401	631
sullyjhf	1738	7076	99.03	44369 	81	1,108	1,375
Dakara	1739	7075	98.22	58470 	21	567	642
MentaLoli	1740	7075	98.88	87093 	60	1,075	1,637
Black_fires	1741	7075	98.94	55781 	95	921	411
Distracted	1742	7074	98.78	82494 	50	716	763
Melt3dCheeze	1743	7073	99.06	86455 	106	1,271	209
ShaneLiang	1744	7070	97.97	42303 	18	515	688
Miucs	1745	7069	98.67	88671 	183	964	707
cristi2708	1746	7069	98.88	62021 	70	759	527
-Ranndom-	1747	7068	99.16	75982 	288	1,444	1,091
SpellStorm	1748	7067	99.45	57433 	685	845	798
jeanzy	1749	7067	99.02	55457 	36	889	1,208
Startrick	1750	7066	99.24	85675 	276	908	453
Fichi	1751	7066	97.32	103776 	94	641	519
Sanctus	1752	7066	98.92	66490 	289	1,736	228
Taikuta	1753	7065	98.92	78626 	167	1,594	829
rooodi	1754	7065	99.01	84299 	38	612	670
AlexXerox	1755	7064	97.78	114653 	62	1,526	1,263
ReiKatt	1756	7063	99.34	64003 	94	898	2,094
Ritka	1757	7062	96.67	32123 	3	216	182
DukeOfDoom	1758	7061	99.04	40985 	29	676	803
Chi_ki	1759	7061	99.62	62587 	541	1,878	414
Nefox	1760	7061	99.20	57230 	39	490	460
iwakou	1761	7061	99.26	83373 	114	1,101	492
kittenrequiem	1762	7060	98.87	88447 	104	865	1,945
yuuchao	1763	7060	99.75	176852 	1,748	753	93
Shimox	1764	7059	98.58	161844 	295	2,136	1,400
Specksan	1765	7059	99.41	89976 	152	568	891
Qinec14	1766	7058	99.08	103219 	55	768	760
-AnatA-	1767	7058	99.00	58168 	26	651	486
K_N	1768	7057	99.26	61770 	100	1,198	699
KupcaH	1769	7056	98.96	50966 	26	726	941
ObviousBBQ	1770	7056	99.10	36804 	118	986	987
Ragnawrawk	1771	7056	98.54	47569 	100	933	581
Ex6TenZ	1772	7055	98.82	56775 	147	1,561	758
Poruteri	1773	7055	99.26	98267 	266	2,145	852
xFluffyo	1774	7054	99.17	117366 	55	952	614
Kikyou	1775	7053	97.81	76442 	51	2,074	1,072
-Shinryaku-	1776	7053	99.14	52472 	227	1,296	686
[_-_Kitsune_-_]	1777	7051	98.94	67313 	87	2,094	1,038
[PLA]	1778	7051	96.56	47153 	9	620	783
XaooN	1779	7050	99.05	37502 	56	1,178	421
Ancereal	1780	7049	97.88	68749 	41	495	407
ryufeseed	1781	7049	98.41	83917 	48	2,040	1,213
Nukrid	1782	7049	99.00	79605 	87	789	811
Omgforz	1783	7049	98.97	38823 	39	1,442	877
Mousiini	1784	7047	98.98	46660 	53	563	633
Forsen	1785	7047	99.25	61617 	48	547	739
Ranpo	1786	7046	99.01	94411 	19	717	838
LaZyAzN	1787	7045	99.06	127835 	153	2,203	2,240
Quane	1788	7044	99.31	81950 	838	5,368	1,509
Muukeh	1789	7044	99.26	53172 	187	922	1,703
Coyri	1790	7044	99.33	71829 	456	1,215	496
BobbyZlich	1791	7042	99.26	56250 	46	850	663
[_Haruka-Chan_]	1792	7042	97.59	74746 	36	816	616
Floks	1793	7042	99.11	131676 	509	4,446	19
Atsuro	1794	7041	99.23	63942 	44	674	1,011
moyamoyano_sa	1795	7041	98.30	88062 	190	1,246	410
Sean-	1796	7040	99.29	26543 	28	500	536
gulp	1797	7040	99.08	45263 	56	650	884
frogyfro	1798	7040	99.02	30551 	54	470	712
CocoaLion	1799	7040	99.38	71846 	204	1,538	158
Jekel	1800	7038	99.55	95705 	231	991	1,342
Neyphym	1801	7038	99.23	35031 	57	808	531
Haruzy	1802	7038	98.67	49791 	82	950	691
-_Hatsu_Koi_-	1803	7038	99.09	56881 	96	1,433	730
Lotragon	1804	7037	98.82	44578 	57	811	1,113
Feppla	1805	7036	98.92	122190 	49	1,174	949
Mysto-kun	1806	7034	98.98	127626 	151	3,441	1,656
[Quarter]	1807	7034	99.37	96187 	84	817	643
Zadkiel	1808	7033	99.42	69745 	878	449	186
Space_tourist	1809	7033	98.66	76690 	62	1,019	1,214
Liquifien	1810	7031	98.05	26883 	17	428	193
TheGamingNinja	1811	7030	98.93	37679 	45	670	887
Wuffles	1812	7030	98.91	27539 	35	1,064	1,053
YaVOR	1813	7030	96.80	66753 	74	1,137	787
L_A_P_I_S	1814	7030	98.07	45428 	26	412	506
Pandadesu	1815	7029	99.19	91710 	876	1,328	881
[_Hyung_]	1816	7029	99.05	38500 	35	853	366
-_Vanilla_-	1817	7029	99.43	56457 	173	890	602
Danil194522	1818	7029	98.25	50653 	71	775	916
Mijn_Aim_Zuigt	1819	7028	99.36	31576 	256	657	716
z0mbir	1820	7028	98.84	56190 	56	574	833
iMinimal	1821	7028	98.24	66836 	8	932	722
Yuiop	1822	7028	98.20	70117 	54	487	522
Gifted	1823	7027	98.79	44085 	56	726	924
Jaime	1824	7027	98.44	59761 	31	467	671
Italo	1825	7027	98.64	57802 	8	289	454
Mentalol	1826	7027	99.62	90392 	183	1,060	603
Fuyu_HaNa	1827	7026	99.50	72027 	194	990	762
jesneit	1828	7025	97.34	37581 	33	685	439
Drezi	1829	7025	98.56	53709 	35	902	1,195
SatoReika	1830	7024	98.86	59712 	51	773	800
HydroCannon13	1831	7024	99.35	91642 	2,190	1,526	-14
Tisgeh	1832	7024	97.91	51548 	22	579	863
ZULUL	1833	7024	97.59	63444 	18	569	612
[_Steph_]	1834	7023	98.28	23082 	31	843	562
suwako_moriya-	1835	7023	98.94	20305 	59	364	324
Enkidu	1836	7022	99.04	51592 	39	795	646
Daanit	1837	7021	99.34	120203 	45	564	825
Janga	1838	7021	99.22	75131 	69	1,134	1,128
Mood_Breaker	1839	7020	99.10	74874 	127	1,006	889
B1TcH_ShOT	1840	7020	98.64	67843 	17	402	433
xxWeedWizardxx	1841	7020	99.31	122841 	115	1,169	1,029
Brunolt101	1842	7019	99.15	44800 	294	2,815	368
MeckDonalds	1843	7019	97.05	75553 	19	377	310
LordTimeWaste	1844	7019	99.01	56626 	60	925	1,671
Rewindosc	1845	7018	99.01	75626 	49	867	600
Leupoi	1846	7018	99.02	96407 	107	1,799	980
NPJn00bs	1847	7016	98.98	74910 	16	266	792
Lucas_Zubs	1848	7016	98.58	108734 	144	475	213
Rookie	1849	7015	98.65	69985 	81	992	1,028
Smurfee	1850	7015	99.03	55081 	156	997	952
jon_chan	1851	7028	99.00	47914 	74	537	607
Jaime	1852	7027	98.44	59790 	31	467	674
Mood_Breaker	1853	7027	99.11	75138 	128	1,009	886
Mentalol	1854	7027	99.62	90669 	183	1,062	605
Italo	1855	7027	98.64	57802 	8	289	454
Fuyu_HaNa	1856	7026	99.50	72219 	196	993	762
Tisgeh	1857	7025	97.92	51683 	22	582	861
PemiX	1858	7025	99.37	65504 	224	721	448
Drezi	1859	7025	98.56	53722 	35	902	1,197
SatoReika	1860	7025	98.86	60054 	51	775	802
ZULUL	1861	7024	97.59	63485 	18	570	613
[_Steph_]	1862	7024	98.28	23128 	31	843	563
suwako_moriya-	1863	7023	98.94	20458 	59	366	325
Enkidu	1864	7023	99.04	51917 	39	797	649
Daanit	1865	7022	99.34	120982 	45	566	833
Janga	1866	7021	99.21	75289 	69	1,135	1,131
xxWeedWizardxx	1867	7020	99.31	122892 	115	1,169	1,030
Smurfee	1868	7020	99.03	55574 	161	1,009	967
Junjou	1869	7019	98.97	68309 	136	1,017	736
Brunolt101	1870	7019	99.15	44800 	294	2,815	368
Leupoi	1871	7019	99.03	96524 	107	1,799	980
MeckDonalds	1872	7019	97.05	75638 	19	378	310
LordTimeWaste	1873	7019	99.01	56626 	60	925	1,671
Rewindosc	1874	7018	99.01	75755 	49	868	601
Raiin	1875	7018	99.09	37777 	98	390	545
Lucas_Zubs	1876	7017	98.56	109383 	144	478	215
Rookie	1877	7016	98.65	70199 	81	994	1,038
NPJn00bs	1878	7016	98.98	74930 	16	266	792
Reishara	1879	7015	98.63	39967 	21	927	1,175
Battquif	1880	7015	99.20	64167 	123	1,479	299
-Jamie	1881	7015	99.19	66475 	47	1,482	1,026
-_Small_Mio-	1882	7014	99.07	90443 	70	1,271	389
HeeJin	1883	7014	99.02	43698 	37	471	473
Halcy-	1884	7013	98.66	103775 	6	556	424
iPunqcake	1885	7013	98.87	47608 	67	836	679
EZNF	1886	7011	98.51	65606 	126	668	767
RiasG	1887	7007	96.93	48648 	36	524	510
[_Lesu_]	1888	7007	99.17	47414 	31	587	493
Jantsi	1889	7007	98.55	129399 	107	1,879	1,765
october	1890	7007	99.30	79731 	28	1,010	1,254
Krokou	1891	7006	99.28	49921 	67	655	513
FunNi	1892	7006	98.71	83257 	19	1,537	839
koki6	1893	7006	98.82	59310 	86	907	264
Suome	1894	7005	98.90	31588 	138	1,178	1,081
Snpae	1895	7005	98.55	68748 	109	484	621
c-atsuit	1896	7005	98.34	15761 	16	320	697
likejaxirl	1897	7004	98.34	59058 	67	894	932
Meepoex	1898	7004	98.99	33610 	11	457	544
Dada	1899	7003	99.48	38077 	116	864	1,224
LukerMaster	1900	7002	97.69	79067 	18	580	450
natnat	1901	7002	99.22	87659 	109	898	1,563
Henry-	1902	7002	99.11	200000 	194	2,035	674
Moreon	1903	7001	98.87	41041 	35	419	483
JumpLess	1904	7001	98.44	69745 	16	466	770
Sly	1905	7001	99.11	66778 	350	2,283	757
YoYo412	1906	7001	96.89	90475 	46	703	879
nf_nl	1907	7000	99.08	67274 	187	1,661	567
Hudda	1908	7000	98.91	87828 	119	1,051	874
xXGrimmsXx	1909	7000	98.57	66097 	61	1,096	692
gith	1910	7000	99.11	34154 	16	527	1,532
Shach	1911	7000	98.51	42854 	121	1,092	864
xtend	1912	6999	98.94	99999 	56	934	537
Suzutsuki-	1913	6998	98.88	98944 	300	1,875	712
YesTak	1914	6997	98.58	50200 	21	540	585
[_Flashoky_]	1915	6996	97.96	80271 	55	490	399
Koi_Fish	1916	6996	99.02	65115 	130	1,196	2,296
reborn503	1917	6996	99.18	122613 	152	2,432	785
Areox	1918	6994	95.78	34484 	43	405	368
-Levi-	1919	6993	99.34	54005 	153	1,206	1,405
-DarkAngel-	1920	6993	98.18	49780 	4	550	787
BlueCrystal004	1921	6992	98.67	37732 	38	479	565
Thefroakie	1922	6992	98.61	56001 	370	1,496	605
joKing	1923	6992	99.18	39268 	141	1,864	1,011
Peruna	1924	6991	98.34	32137 	13	479	854
Epiphronn	1925	6990	98.88	73332 	46	592	674
Kroudon	1926	6989	99.42	99919 	163	1,136	1,644
Zettus	1927	6989	97.94	68013 	20	1,173	1,064
Siyu	1928	6988	99.28	87205 	175	1,205	1,026
Fear_Kubrick	1929	6988	98.37	56398 	17	429	643
arqx	1930	6987	98.80	107089 	47	1,336	603
Floob	1931	6987	99.23	70692 	125	986	1,479
RWDavid	1932	6986	98.07	35723 	36	308	631
Ishkiz	1933	6986	99.27	98012 	1,341	2,732	1,843
Support	1934	6985	98.22	68051 	50	778	596
melloe	1935	6984	98.81	53600 	11	776	793
D_non	1936	6983	99.08	71657 	261	1,763	208
Fuwzie	1937	6983	99.47	59616 	635	1,054	679
zeenu	1938	6982	96.48	74892 	179	1,944	1,150
TemaZpro	1939	6982	99.23	153983 	6,841	936	491
Ryuti	1940	6982	99.04	75493 	120	727	633
Gshp_Szk	1941	6981	99.46	32991 	53	607	1,128
-Raisa	1942	6980	99.13	50485 	67	1,349	566
My_Angel_Renumi	1943	6980	99.01	50679 	56	944	736
SodaCatz	1944	6980	99.06	95177 	383	2,407	510
Mapper	1945	6979	97.16	24292 	62	361	472
Morrowind	1946	6978	99.21	110791 	171	1,104	758
_WinRAWR	1947	6978	99.13	103954 	63	583	652
ffstar	1948	6977	99.15	75349 	46	1,075	1,108
Sanko	1949	6976	99.01	86926 	64	785	603
Fortuner	1950	6976	99.15	127935 	115	1,074	994
Poncho	1951	6976	98.74	53745 	46	660	1,189
Syrte	1952	6975	99.13	105880 	217	1,560	939
_tsubasa_	1953	6973	99.58	55669 	138	1,065	664
Demmon	1954	6972	99.28	97686 	701	1,907	745
Total_Danage	1955	6972	98.21	94823 	50	554	757
puncia	1956	6970	98.72	81101 	94	1,229	1,119
Ackane-	1957	6970	98.61	34482 	28	683	652
Kiri-Chan	1958	6969	98.53	62703 	43	721	505
TB_358	1959	6969	99.06	102256 	83	1,575	1,841
Tokari	1960	6968	98.33	17685 	11	207	322
-Kryu-	1961	6967	98.10	66992 	91	879	1,075
Aia	1962	6967	99.50	55095 	308	1,448	1,216
folence	1963	6965	98.51	74350 	83	1,435	1,629
-Vid	1964	6965	98.95	50808 	40	482	789
Pan_Oishii	1965	6964	98.30	74713 	47	623	1,238
Serah	1966	6963	99.43	35320 	183	729	368
BoT-Shirt	1967	6962	99.13	130945 	170	2,464	3,451
SleepLotus	1968	6962	98.87	31815 	104	1,613	668
Arieruco	1969	6961	98.46	82602 	507	2,455	634
Namo	1970	6961	98.91	68171 	245	814	839
ondines	1971	6959	98.46	46114 	41	572	507
_Mattia_	1972	6956	99.07	43795 	134	1,105	964
Miseration	1973	6955	98.68	68014 	13	250	442
black_guy	1974	6954	97.01	75719 	19	579	473
Roro_Rosset	1975	6954	99.63	102288 	5,822	1,784	279
Jaybladezz	1976	6953	98.57	54730 	283	1,344	518
Boycott_BearZyo	1977	6953	98.77	79208 	40	1,006	835
Levaslater	1978	6953	99.26	20550 	34	860	473
awesomemacD	1979	6952	99.12	36224 	110	721	1,548
ArKeda	1980	6952	98.41	36700 	18	499	711
Palace	1981	6951	99.17	88252 	265	913	1,152
SeGin	1982	6950	98.46	65186 	56	435	377
Shyfrit	1983	6950	98.22	36780 	0	476	398
ParkourWizard	1984	6949	98.43	59241 	160	1,470	525
Zexylian	1985	6948	99.24	36906 	64	694	487
Sakura_no_Hana	1986	6948	99.21	36979 	406	557	429
Emperium	1987	6948	99.05	120545 	58	625	1,259
Seikyuu0	1988	6947	98.94	25808 	11	436	283
zargot	1989	6947	99.26	41422 	51	694	1,130
issacCLAKE124	1990	6945	98.84	71598 	39	565	411
KirimaSharo	1991	6944	98.70	143151 	43	459	226
Niphora	1992	6944	98.72	81812 	202	1,001	530
Sephie	1993	6944	98.88	49692 	46	699	838
AdveNt	1994	6943	99.32	90893 	174	2,479	577
Sever	1995	6943	99.07	63620 	46	685	1,083
Brandon-	1996	6942	98.16	51176 	26	430	416
Multtari	1997	6942	98.50	88657 	64	2,249	2,293
Cyanogenoid	1998	6941	99.09	83620 	38	503	638
Finnu	1999	6941	99.22	78254 	72	1,274	745
PotatoIceCream	2000	6941	98.37	52999 	16	215	386